   1000000   1.00000000  0.00000000
   2000000   1.00000000  0.00000000
   3000000   1.00000000  0.00000000
   4000000   1.00000000  0.00000000
   5000000   1.00000000  0.00000000
   6000000   1.00000000  0.00000000
   7000000   1.00000000  0.00000000
   8000000   1.00000000  0.00000000
   9000000   1.00000000  0.00000000
  10000000   1.00000000  0.00000000
  11000000   1.00000000  0.00000000
  12000000   1.00000000  0.00000000
  13000000   1.00000000  0.00000000
  14000000   1.00000000  0.00000000
  15000000   1.00000000  0.00000000
  16000000   1.00000000  0.00000000
  17000000   1.00000000  0.00000000
  18000000   1.00000000  0.00000000
  19000000   1.00000000  0.00000000
  20000000   1.00000000  0.00000000
  21000000   1.00000000  0.00000000
  22000000   1.00000000  0.00000000
  23000000   1.00000000  0.00000000
  24000000   1.00000000  0.00000000
  25000000   1.00000000  0.00000000
  26000000   1.00000000  0.00000000
  27000000   1.00000000  0.00000000
  28000000   1.00000000  0.00000000
  29000000   1.00000000  0.00000000
  30000000   1.00000000  0.00000000
  31000000   1.00000000  0.00000000
  32000000   1.00000000  0.00000000
  33000000   1.00000000  0.00000000
  34000000   1.00000000  0.00000000
  35000000   1.00000000  0.00000000
  36000000   1.00000000  0.00000000
  37000000   1.00000000  0.00000000
  38000000   1.00000000  0.00000000
  39000000   1.00000000  0.00000000
  40000000   1.00000000  0.00000000
  41000000   1.00000000  0.00000000
  42000000   1.00000000  0.00000000
  43000000   1.00000000  0.00000000
  44000000   1.00000000  0.00000000
  45000000   1.00000000  0.00000000
  46000000   1.00000000  0.00000000
  47000000   1.00000000  0.00000000
  48000000   1.00000000  0.00000000
  49000000   1.00000000  0.00000000
  50000000   1.00000000  0.00000000
  51000000   1.00000000  0.00000000
  52000000   1.00000000  0.00000000
  53000000   1.00000000  0.00000000
  54000000   1.00000000  0.00000000
  55000000   1.00000000  0.00000000
  56000000   1.00000000  0.00000000
  57000000   1.00000000  0.00000000
  58000000   1.00000000  0.00000000
  59000000   1.00000000  0.00000000
  60000000   1.00000000  0.00000000
  61000000   1.00000000  0.00000000
  62000000   1.00000000  0.00000000
  63000000   1.00000000  0.00000000
  64000000   1.00000000  0.00000000
  65000000   1.00000000  0.00000000
  66000000   1.00000000  0.00000000
  67000000   1.00000000  0.00000000
  68000000   1.00000000  0.00000000
  69000000   1.00000000  0.00000000
  70000000   1.00000000  0.00000000
  71000000   1.00000000  0.00000000
  72000000   1.00000000  0.00000000
  73000000   1.00000000  0.00000000
  74000000   1.00000000  0.00000000
  75000000   1.00000000  0.00000000
  76000000   1.00000000  0.00000000
  77000000   1.00000000  0.00000000
  78000000   1.00000000  0.00000000
  79000000   1.00000000  0.00000000
  80000000   1.00000000  0.00000000
  81000000   1.00000000  0.00000000
  82000000   1.00000000  0.00000000
  83000000   1.00000000  0.00000000
  84000000   1.00000000  0.00000000
  85000000   1.00000000  0.00000000
  86000000   1.00000000  0.00000000
  87000000   1.00000000  0.00000000
  88000000   1.00000000  0.00000000
  89000000   1.00000000  0.00000000
  90000000   1.00000000  0.00000000
  91000000   1.00000000  0.00000000
  92000000   1.00000000  0.00000000
  93000000   1.00000000  0.00000000
  94000000   1.00000000  0.00000000
  95000000   1.00000000  0.00000000
  96000000   1.00000000  0.00000000
  97000000   1.00000000  0.00000000
  98000000   1.00000000  0.00000000
  99000000   1.00000000  0.00000000
 100000000   1.00000000  0.00000000
 101000000   1.00000000  0.00000000
 102000000   1.00000000  0.00000000
 103000000   1.00000000  0.00000000
 104000000   1.00000000  0.00000000
 105000000   1.00000000  0.00000000
 106000000   1.00000000  0.00000000
 107000000   1.00000000  0.00000000
 108000000   1.00000000  0.00000000
 109000000   1.00000000  0.00000000
 110000000   1.00000000  0.00000000
 111000000   1.00000000  0.00000000
 112000000   1.00000000  0.00000000
 113000000   1.00000000  0.00000000
 114000000   1.00000000  0.00000000
 115000000   1.00000000  0.00000000
 116000000   1.00000000  0.00000000
 117000000   1.00000000  0.00000000
 118000000   1.00000000  0.00000000
 119000000   1.00000000  0.00000000
 120000000   1.00000000  0.00000000
 121000000   1.00000000  0.00000000
 122000000   1.00000000  0.00000000
 123000000   1.00000000  0.00000000
 124000000   1.00000000  0.00000000
 125000000   1.00000000  0.00000000
 126000000   1.00000000  0.00000000
 127000000   1.00000000  0.00000000
 128000000   1.00000000  0.00000000
 129000000   1.00000000  0.00000000
 130000000   1.00000000  0.00000000
 131000000   1.00000000  0.00000000
 132000000   1.00000000  0.00000000
 133000000   1.00000000  0.00000000
 134000000   1.00000000  0.00000000
 135000000   1.00000000  0.00000000
 136000000   1.00000000  0.00000000
 137000000   1.00000000  0.00000000
 138000000   1.00000000  0.00000000
 139000000   1.00000000  0.00000000
 140000000   1.00000000  0.00000000
 141000000   1.00000000  0.00000000
 142000000   1.00000000  0.00000000
 143000000   1.00000000  0.00000000
 144000000   1.00000000  0.00000000
 145000000   1.00000000  0.00000000
 146000000   1.00000000  0.00000000
 147000000   1.00000000  0.00000000
 148000000   1.00000000  0.00000000
 149000000   1.00000000  0.00000000
 150000000   1.00000000  0.00000000
 151000000   1.00000000  0.00000000
 152000000   1.00000000  0.00000000
 153000000   1.00000000  0.00000000
 154000000   1.00000000  0.00000000
 155000000   1.00000000  0.00000000
 156000000   1.00000000  0.00000000
 157000000   1.00000000  0.00000000
 158000000   1.00000000  0.00000000
 159000000   1.00000000  0.00000000
 160000000   1.00000000  0.00000000
 161000000   1.00000000  0.00000000
 162000000   1.00000000  0.00000000
 163000000   1.00000000  0.00000000
 164000000   1.00000000  0.00000000
 165000000   1.00000000  0.00000000
 166000000   1.00000000  0.00000000
 167000000   1.00000000  0.00000000
 168000000   1.00000000  0.00000000
 169000000   1.00000000  0.00000000
 170000000   1.00000000  0.00000000
 171000000   1.00000000  0.00000000
 172000000   1.00000000  0.00000000
 173000000   1.00000000  0.00000000
 174000000   1.00000000  0.00000000
 175000000   1.00000000  0.00000000
 176000000   1.00000000  0.00000000
 177000000   1.00000000  0.00000000
 178000000   1.00000000  0.00000000
 179000000   1.00000000  0.00000000
 180000000   1.00000000  0.00000000
 181000000   1.00000000  0.00000000
 182000000   1.00000000  0.00000000
 183000000   1.00000000  0.00000000
 184000000   1.00000000  0.00000000
 185000000   1.00000000  0.00000000
 186000000   1.00000000  0.00000000
 187000000   1.00000000  0.00000000
 188000000   1.00000000  0.00000000
 189000000   1.00000000  0.00000000
 190000000   1.00000000  0.00000000
 191000000   1.00000000  0.00000000
 192000000   1.00000000  0.00000000
 193000000   1.00000000  0.00000000
 194000000   1.00000000  0.00000000
 195000000   1.00000000  0.00000000
 196000000   1.00000000  0.00000000
 197000000   1.00000000  0.00000000
 198000000   1.00000000  0.00000000
 199000000   1.00000000  0.00000000
 200000000   1.00000000  0.00000000
 201000000   1.00000000  0.00000000
 202000000   1.00000000  0.00000000
 203000000   1.00000000  0.00000000
 204000000   1.00000000  0.00000000
 205000000   1.00000000  0.00000000
 206000000   1.00000000  0.00000000
 207000000   1.00000000  0.00000000
 208000000   1.00000000  0.00000000
 209000000   1.00000000  0.00000000
 210000000   1.00000000  0.00000000
 211000000   1.00000000  0.00000000
 212000000   1.00000000  0.00000000
 213000000   1.00000000  0.00000000
 214000000   1.00000000  0.00000000
 215000000   1.00000000  0.00000000
 216000000   1.00000000  0.00000000
 217000000   1.00000000  0.00000000
 218000000   1.00000000  0.00000000
 219000000   1.00000000  0.00000000
 220000000   1.00000000  0.00000000
 221000000   1.00000000  0.00000000
 222000000   1.00000000  0.00000000
 223000000   1.00000000  0.00000000
 224000000   1.00000000  0.00000000
 225000000   1.00000000  0.00000000
 226000000   1.00000000  0.00000000
 227000000   1.00000000  0.00000000
 228000000   1.00000000  0.00000000
 229000000   1.00000000  0.00000000
 230000000   1.00000000  0.00000000
 231000000   1.00000000  0.00000000
 232000000   1.00000000  0.00000000
 233000000   1.00000000  0.00000000
 234000000   1.00000000  0.00000000
 235000000   1.00000000  0.00000000
 236000000   1.00000000  0.00000000
 237000000   1.00000000  0.00000000
 238000000   1.00000000  0.00000000
 239000000   1.00000000  0.00000000
 240000000   1.00000000  0.00000000
 241000000   1.00000000  0.00000000
 242000000   1.00000000  0.00000000
 243000000   1.00000000  0.00000000
 244000000   1.00000000  0.00000000
 245000000   1.00000000  0.00000000
 246000000   1.00000000  0.00000000
 247000000   1.00000000  0.00000000
 248000000   1.00000000  0.00000000
 249000000   1.00000000  0.00000000
 250000000   1.00000000  0.00000000
 251000000   1.00000000  0.00000000
 252000000   1.00000000  0.00000000
 253000000   1.00000000  0.00000000
 254000000   1.00000000  0.00000000
 255000000   1.00000000  0.00000000
 256000000   1.00000000  0.00000000
 257000000   1.00000000  0.00000000
 258000000   1.00000000  0.00000000
 259000000   1.00000000  0.00000000
 260000000   1.00000000  0.00000000
 261000000   1.00000000  0.00000000
 262000000   1.00000000  0.00000000
 263000000   1.00000000  0.00000000
 264000000   1.00000000  0.00000000
 265000000   1.00000000  0.00000000
 266000000   1.00000000  0.00000000
 267000000   1.00000000  0.00000000
 268000000   1.00000000  0.00000000
 269000000   1.00000000  0.00000000
 270000000   1.00000000  0.00000000
 271000000   1.00000000  0.00000000
 272000000   1.00000000  0.00000000
 273000000   1.00000000  0.00000000
 274000000   1.00000000  0.00000000
 275000000   1.00000000  0.00000000
 276000000   1.00000000  0.00000000
 277000000   1.00000000  0.00000000
 278000000   1.00000000  0.00000000
 279000000   1.00000000  0.00000000
 280000000   1.00000000  0.00000000
 281000000   1.00000000  0.00000000
 282000000   1.00000000  0.00000000
 283000000   1.00000000  0.00000000
 284000000   1.00000000  0.00000000
 285000000   1.00000000  0.00000000
 286000000   1.00000000  0.00000000
 287000000   1.00000000  0.00000000
 288000000   1.00000000  0.00000000
 289000000   1.00000000  0.00000000
 290000000   1.00000000  0.00000000
 291000000   1.00000000  0.00000000
 292000000   1.00000000  0.00000000
 293000000   1.00000000  0.00000000
 294000000   1.00000000  0.00000000
 295000000   1.00000000  0.00000000
 296000000   1.00000000  0.00000000
 297000000   1.00000000  0.00000000
 298000000   1.00000000  0.00000000
 299000000   1.00000000  0.00000000
 300000000   1.00000000  0.00000000
 301000000   1.00000000  0.00000000
 302000000   1.00000000  0.00000000
 303000000   1.00000000  0.00000000
 304000000   1.00000000  0.00000000
 305000000   1.00000000  0.00000000
 306000000   1.00000000  0.00000000
 307000000   1.00000000  0.00000000
 308000000   1.00000000  0.00000000
 309000000   1.00000000  0.00000000
 310000000   1.00000000  0.00000000
 311000000   1.00000000  0.00000000
 312000000   1.00000000  0.00000000
 313000000   1.00000000  0.00000000
 314000000   1.00000000  0.00000000
 315000000   1.00000000  0.00000000
 316000000   1.00000000  0.00000000
 317000000   1.00000000  0.00000000
 318000000   1.00000000  0.00000000
 319000000   1.00000000  0.00000000
 320000000   1.00000000  0.00000000
 321000000   1.00000000  0.00000000
 322000000   1.00000000  0.00000000
 323000000   1.00000000  0.00000000
 324000000   1.00000000  0.00000000
 325000000   1.00000000  0.00000000
 326000000   1.00000000  0.00000000
 327000000   1.00000000  0.00000000
 328000000   1.00000000  0.00000000
 329000000   1.00000000  0.00000000
 330000000   1.00000000  0.00000000
 331000000   1.00000000  0.00000000
 332000000   1.00000000  0.00000000
 333000000   1.00000000  0.00000000
 334000000   1.00000000  0.00000000
 335000000   1.00000000  0.00000000
 336000000   1.00000000  0.00000000
 337000000   1.00000000  0.00000000
 338000000   1.00000000  0.00000000
 339000000   1.00000000  0.00000000
 340000000   1.00000000  0.00000000
 341000000   1.00000000  0.00000000
 342000000   1.00000000  0.00000000
 343000000   1.00000000  0.00000000
 344000000   1.00000000  0.00000000
 345000000   1.00000000  0.00000000
 346000000   1.00000000  0.00000000
 347000000   1.00000000  0.00000000
 348000000   1.00000000  0.00000000
 349000000   1.00000000  0.00000000
 350000000   1.00000000  0.00000000
 351000000   1.00000000  0.00000000
 352000000   1.00000000  0.00000000
 353000000   1.00000000  0.00000000
 354000000   1.00000000  0.00000000
 355000000   1.00000000  0.00000000
 356000000   1.00000000  0.00000000
 357000000   1.00000000  0.00000000
 358000000   1.00000000  0.00000000
 359000000   1.00000000  0.00000000
 360000000   1.00000000  0.00000000
 361000000   1.00000000  0.00000000
 362000000   1.00000000  0.00000000
 363000000   1.00000000  0.00000000
 364000000   1.00000000  0.00000000
 365000000   1.00000000  0.00000000
 366000000   1.00000000  0.00000000
 367000000   1.00000000  0.00000000
 368000000   1.00000000  0.00000000
 369000000   1.00000000  0.00000000
 370000000   1.00000000  0.00000000
 371000000   1.00000000  0.00000000
 372000000   1.00000000  0.00000000
 373000000   1.00000000  0.00000000
 374000000   1.00000000  0.00000000
 375000000   1.00000000  0.00000000
 376000000   1.00000000  0.00000000
 377000000   1.00000000  0.00000000
 378000000   1.00000000  0.00000000
 379000000   1.00000000  0.00000000
 380000000   1.00000000  0.00000000
 381000000   1.00000000  0.00000000
 382000000   1.00000000  0.00000000
 383000000   1.00000000  0.00000000
 384000000   1.00000000  0.00000000
 385000000   1.00000000  0.00000000
 386000000   1.00000000  0.00000000
 387000000   1.00000000  0.00000000
 388000000   1.00000000  0.00000000
 389000000   1.00000000  0.00000000
 390000000   1.00000000  0.00000000
 391000000   1.00000000  0.00000000
 392000000   1.00000000  0.00000000
 393000000   1.00000000  0.00000000
 394000000   1.00000000  0.00000000
 395000000   1.00000000  0.00000000
 396000000   1.00000000  0.00000000
 397000000   1.00000000  0.00000000
 398000000   1.00000000  0.00000000
 399000000   1.00000000  0.00000000
 400000000   1.00000000  0.00000000
 401000000   1.00000000  0.00000000
 402000000   1.00000000  0.00000000
 403000000   1.00000000  0.00000000
 404000000   1.00000000  0.00000000
 405000000   1.00000000  0.00000000
 406000000   1.00000000  0.00000000
 407000000   1.00000000  0.00000000
 408000000   1.00000000  0.00000000
 409000000   1.00000000  0.00000000
 410000000   1.00000000  0.00000000
 411000000   1.00000000  0.00000000
 412000000   1.00000000  0.00000000
 413000000   1.00000000  0.00000000
 414000000   1.00000000  0.00000000
 415000000   1.00000000  0.00000000
 416000000   1.00000000  0.00000000
 417000000   1.00000000  0.00000000
 418000000   1.00000000  0.00000000
 419000000   1.00000000  0.00000000
 420000000   1.00000000  0.00000000
 421000000   1.00000000  0.00000000
 422000000   1.00000000  0.00000000
 423000000   1.00000000  0.00000000
 424000000   1.00000000  0.00000000
 425000000   1.00000000  0.00000000
 426000000   1.00000000  0.00000000
 427000000   1.00000000  0.00000000
 428000000   1.00000000  0.00000000
 429000000   1.00000000  0.00000000
 430000000   1.00000000  0.00000000
 431000000   1.00000000  0.00000000
 432000000   1.00000000  0.00000000
 433000000   1.00000000  0.00000000
 434000000   1.00000000  0.00000000
 435000000   1.00000000  0.00000000
 436000000   1.00000000  0.00000000
 437000000   1.00000000  0.00000000
 438000000   1.00000000  0.00000000
 439000000   1.00000000  0.00000000
 440000000   1.00000000  0.00000000
 441000000   1.00000000  0.00000000
 442000000   1.00000000  0.00000000
 443000000   1.00000000  0.00000000
 444000000   1.00000000  0.00000000
 445000000   1.00000000  0.00000000
 446000000   1.00000000  0.00000000
 447000000   1.00000000  0.00000000
 448000000   1.00000000  0.00000000
 449000000   1.00000000  0.00000000
 450000000   1.00000000  0.00000000
 451000000   1.00000000  0.00000000
 452000000   1.00000000  0.00000000
 453000000   1.00000000  0.00000000
 454000000   1.00000000  0.00000000
 455000000   1.00000000  0.00000000
 456000000   1.00000000  0.00000000
 457000000   1.00000000  0.00000000
 458000000   1.00000000  0.00000000
 459000000   1.00000000  0.00000000
 460000000   1.00000000  0.00000000
 461000000   1.00000000  0.00000000
 462000000   1.00000000  0.00000000
 463000000   1.00000000  0.00000000
 464000000   1.00000000  0.00000000
 465000000   1.00000000  0.00000000
 466000000   1.00000000  0.00000000
 467000000   1.00000000  0.00000000
 468000000   1.00000000  0.00000000
 469000000   1.00000000  0.00000000
 470000000   1.00000000  0.00000000
 471000000   1.00000000  0.00000000
 472000000   1.00000000  0.00000000
 473000000   1.00000000  0.00000000
 474000000   1.00000000  0.00000000
 475000000   1.00000000  0.00000000
 476000000   1.00000000  0.00000000
 477000000   1.00000000  0.00000000
 478000000   1.00000000  0.00000000
 479000000   1.00000000  0.00000000
 480000000   1.00000000  0.00000000
 481000000   1.00000000  0.00000000
 482000000   1.00000000  0.00000000
 483000000   1.00000000  0.00000000
 484000000   1.00000000  0.00000000
 485000000   1.00000000  0.00000000
 486000000   1.00000000  0.00000000
 487000000   1.00000000  0.00000000
 488000000   1.00000000  0.00000000
 489000000   1.00000000  0.00000000
 490000000   1.00000000  0.00000000
 491000000   1.00000000  0.00000000
 492000000   1.00000000  0.00000000
 493000000   1.00000000  0.00000000
 494000000   1.00000000  0.00000000
 495000000   1.00000000  0.00000000
 496000000   1.00000000  0.00000000
 497000000   1.00000000  0.00000000
 498000000   1.00000000  0.00000000
 499000000   1.00000000  0.00000000
 500000000   1.00000000  0.00000000
 501000000   1.00000000  0.00000000
 502000000   1.00000000  0.00000000
 503000000   1.00000000  0.00000000
 504000000   1.00000000  0.00000000
 505000000   1.00000000  0.00000000
 506000000   1.00000000  0.00000000
 507000000   1.00000000  0.00000000
 508000000   1.00000000  0.00000000
 509000000   1.00000000  0.00000000
 510000000   1.00000000  0.00000000
 511000000   1.00000000  0.00000000
 512000000   1.00000000  0.00000000
 513000000   1.00000000  0.00000000
 514000000   1.00000000  0.00000000
 515000000   1.00000000  0.00000000
 516000000   1.00000000  0.00000000
 517000000   1.00000000  0.00000000
 518000000   1.00000000  0.00000000
 519000000   1.00000000  0.00000000
 520000000   1.00000000  0.00000000
 521000000   1.00000000  0.00000000
 522000000   1.00000000  0.00000000
 523000000   1.00000000  0.00000000
 524000000   1.00000000  0.00000000
 525000000   1.00000000  0.00000000
 526000000   1.00000000  0.00000000
 527000000   1.00000000  0.00000000
 528000000   1.00000000  0.00000000
 529000000   1.00000000  0.00000000
 530000000   1.00000000  0.00000000
 531000000   1.00000000  0.00000000
 532000000   1.00000000  0.00000000
 533000000   1.00000000  0.00000000
 534000000   1.00000000  0.00000000
 535000000   1.00000000  0.00000000
 536000000   1.00000000  0.00000000
 537000000   1.00000000  0.00000000
 538000000   1.00000000  0.00000000
 539000000   1.00000000  0.00000000
 540000000   1.00000000  0.00000000
 541000000   1.00000000  0.00000000
 542000000   1.00000000  0.00000000
 543000000   1.00000000  0.00000000
 544000000   1.00000000  0.00000000
 545000000   1.00000000  0.00000000
 546000000   1.00000000  0.00000000
 547000000   1.00000000  0.00000000
 548000000   1.00000000  0.00000000
 549000000   1.00000000  0.00000000
 550000000   1.00000000  0.00000000
 551000000   1.00000000  0.00000000
 552000000   1.00000000  0.00000000
 553000000   1.00000000  0.00000000
 554000000   1.00000000  0.00000000
 555000000   1.00000000  0.00000000
 556000000   1.00000000  0.00000000
 557000000   1.00000000  0.00000000
 558000000   1.00000000  0.00000000
 559000000   1.00000000  0.00000000
 560000000   1.00000000  0.00000000
 561000000   1.00000000  0.00000000
 562000000   1.00000000  0.00000000
 563000000   1.00000000  0.00000000
 564000000   1.00000000  0.00000000
 565000000   1.00000000  0.00000000
 566000000   1.00000000  0.00000000
 567000000   1.00000000  0.00000000
 568000000   1.00000000  0.00000000
 569000000   1.00000000  0.00000000
 570000000   1.00000000  0.00000000
 571000000   1.00000000  0.00000000
 572000000   1.00000000  0.00000000
 573000000   1.00000000  0.00000000
 574000000   1.00000000  0.00000000
 575000000   1.00000000  0.00000000
 576000000   1.00000000  0.00000000
 577000000   1.00000000  0.00000000
 578000000   1.00000000  0.00000000
 579000000   1.00000000  0.00000000
 580000000   1.00000000  0.00000000
 581000000   1.00000000  0.00000000
 582000000   1.00000000  0.00000000
 583000000   1.00000000  0.00000000
 584000000   1.00000000  0.00000000
 585000000   1.00000000  0.00000000
 586000000   1.00000000  0.00000000
 587000000   1.00000000  0.00000000
 588000000   1.00000000  0.00000000
 589000000   1.00000000  0.00000000
 590000000   1.00000000  0.00000000
 591000000   1.00000000  0.00000000
 592000000   1.00000000  0.00000000
 593000000   1.00000000  0.00000000
 594000000   1.00000000  0.00000000
 595000000   1.00000000  0.00000000
 596000000   1.00000000  0.00000000
 597000000   1.00000000  0.00000000
 598000000   1.00000000  0.00000000
 599000000   1.00000000  0.00000000
 600000000   1.00000000  0.00000000
 601000000   1.00000000  0.00000000
 602000000   1.00000000  0.00000000
 603000000   1.00000000  0.00000000
 604000000   1.00000000  0.00000000
 605000000   1.00000000  0.00000000
 606000000   1.00000000  0.00000000
 607000000   1.00000000  0.00000000
 608000000   1.00000000  0.00000000
 609000000   1.00000000  0.00000000
 610000000   1.00000000  0.00000000
 611000000   1.00000000  0.00000000
 612000000   1.00000000  0.00000000
 613000000   1.00000000  0.00000000
 614000000   1.00000000  0.00000000
 615000000   1.00000000  0.00000000
 616000000   1.00000000  0.00000000
 617000000   1.00000000  0.00000000
 618000000   1.00000000  0.00000000
 619000000   1.00000000  0.00000000
 620000000   1.00000000  0.00000000
 621000000   1.00000000  0.00000000
 622000000   1.00000000  0.00000000
 623000000   1.00000000  0.00000000
 624000000   1.00000000  0.00000000
 625000000   1.00000000  0.00000000
 626000000   1.00000000  0.00000000
 627000000   1.00000000  0.00000000
 628000000   1.00000000  0.00000000
 629000000   1.00000000  0.00000000
 630000000   1.00000000  0.00000000
 631000000   1.00000000  0.00000000
 632000000   1.00000000  0.00000000
 633000000   1.00000000  0.00000000
 634000000   1.00000000  0.00000000
 635000000   1.00000000  0.00000000
 636000000   1.00000000  0.00000000
 637000000   1.00000000  0.00000000
 638000000   1.00000000  0.00000000
 639000000   1.00000000  0.00000000
 640000000   1.00000000  0.00000000
 641000000   1.00000000  0.00000000
 642000000   1.00000000  0.00000000
 643000000   1.00000000  0.00000000
 644000000   1.00000000  0.00000000
 645000000   1.00000000  0.00000000
 646000000   1.00000000  0.00000000
 647000000   1.00000000  0.00000000
 648000000   1.00000000  0.00000000
 649000000   1.00000000  0.00000000
 650000000   1.00000000  0.00000000
 651000000   1.00000000  0.00000000
 652000000   1.00000000  0.00000000
 653000000   1.00000000  0.00000000
 654000000   1.00000000  0.00000000
 655000000   1.00000000  0.00000000
 656000000   1.00000000  0.00000000
 657000000   1.00000000  0.00000000
 658000000   1.00000000  0.00000000
 659000000   1.00000000  0.00000000
 660000000   1.00000000  0.00000000
 661000000   1.00000000  0.00000000
 662000000   1.00000000  0.00000000
 663000000   1.00000000  0.00000000
 664000000   1.00000000  0.00000000
 665000000   1.00000000  0.00000000
 666000000   1.00000000  0.00000000
 667000000   1.00000000  0.00000000
 668000000   1.00000000  0.00000000
 669000000   1.00000000  0.00000000
 670000000   1.00000000  0.00000000
 671000000   1.00000000  0.00000000
 672000000   1.00000000  0.00000000
 673000000   1.00000000  0.00000000
 674000000   1.00000000  0.00000000
 675000000   1.00000000  0.00000000
 676000000   1.00000000  0.00000000
 677000000   1.00000000  0.00000000
 678000000   1.00000000  0.00000000
 679000000   1.00000000  0.00000000
 680000000   1.00000000  0.00000000
 681000000   1.00000000  0.00000000
 682000000   1.00000000  0.00000000
 683000000   1.00000000  0.00000000
 684000000   1.00000000  0.00000000
 685000000   1.00000000  0.00000000
 686000000   1.00000000  0.00000000
 687000000   1.00000000  0.00000000
 688000000   1.00000000  0.00000000
 689000000   1.00000000  0.00000000
 690000000   1.00000000  0.00000000
 691000000   1.00000000  0.00000000
 692000000   1.00000000  0.00000000
 693000000   1.00000000  0.00000000
 694000000   1.00000000  0.00000000
 695000000   1.00000000  0.00000000
 696000000   1.00000000  0.00000000
 697000000   1.00000000  0.00000000
 698000000   1.00000000  0.00000000
 699000000   1.00000000  0.00000000
 700000000   1.00000000  0.00000000
 701000000   1.00000000  0.00000000
 702000000   1.00000000  0.00000000
 703000000   1.00000000  0.00000000
 704000000   1.00000000  0.00000000
 705000000   1.00000000  0.00000000
 706000000   1.00000000  0.00000000
 707000000   1.00000000  0.00000000
 708000000   1.00000000  0.00000000
 709000000   1.00000000  0.00000000
 710000000   1.00000000  0.00000000
 711000000   1.00000000  0.00000000
 712000000   1.00000000  0.00000000
 713000000   1.00000000  0.00000000
 714000000   1.00000000  0.00000000
 715000000   1.00000000  0.00000000
 716000000   1.00000000  0.00000000
 717000000   1.00000000  0.00000000
 718000000   1.00000000  0.00000000
 719000000   1.00000000  0.00000000
 720000000   1.00000000  0.00000000
 721000000   1.00000000  0.00000000
 722000000   1.00000000  0.00000000
 723000000   1.00000000  0.00000000
 724000000   1.00000000  0.00000000
 725000000   1.00000000  0.00000000
 726000000   1.00000000  0.00000000
 727000000   1.00000000  0.00000000
 728000000   1.00000000  0.00000000
 729000000   1.00000000  0.00000000
 730000000   1.00000000  0.00000000
 731000000   1.00000000  0.00000000
 732000000   1.00000000  0.00000000
 733000000   1.00000000  0.00000000
 734000000   1.00000000  0.00000000
 735000000   1.00000000  0.00000000
 736000000   1.00000000  0.00000000
 737000000   1.00000000  0.00000000
 738000000   1.00000000  0.00000000
 739000000   1.00000000  0.00000000
 740000000   1.00000000  0.00000000
 741000000   1.00000000  0.00000000
 742000000   1.00000000  0.00000000
 743000000   1.00000000  0.00000000
 744000000   1.00000000  0.00000000
 745000000   1.00000000  0.00000000
 746000000   1.00000000  0.00000000
 747000000   1.00000000  0.00000000
 748000000   1.00000000  0.00000000
 749000000   1.00000000  0.00000000
 750000000   1.00000000  0.00000000
 751000000   1.00000000  0.00000000
 752000000   1.00000000  0.00000000
 753000000   1.00000000  0.00000000
 754000000   1.00000000  0.00000000
 755000000   1.00000000  0.00000000
 756000000   1.00000000  0.00000000
 757000000   1.00000000  0.00000000
 758000000   1.00000000  0.00000000
 759000000   1.00000000  0.00000000
 760000000   1.00000000  0.00000000
 761000000   1.00000000  0.00000000
 762000000   1.00000000  0.00000000
 763000000   1.00000000  0.00000000
 764000000   1.00000000  0.00000000
 765000000   1.00000000  0.00000000
 766000000   1.00000000  0.00000000
 767000000   1.00000000  0.00000000
 768000000   1.00000000  0.00000000
 769000000   1.00000000  0.00000000
 770000000   1.00000000  0.00000000
 771000000   1.00000000  0.00000000
 772000000   1.00000000  0.00000000
 773000000   1.00000000  0.00000000
 774000000   1.00000000  0.00000000
 775000000   1.00000000  0.00000000
 776000000   1.00000000  0.00000000
 777000000   1.00000000  0.00000000
 778000000   1.00000000  0.00000000
 779000000   1.00000000  0.00000000
 780000000   1.00000000  0.00000000
 781000000   1.00000000  0.00000000
 782000000   1.00000000  0.00000000
 783000000   1.00000000  0.00000000
 784000000   1.00000000  0.00000000
 785000000   1.00000000  0.00000000
 786000000   1.00000000  0.00000000
 787000000   1.00000000  0.00000000
 788000000   1.00000000  0.00000000
 789000000   1.00000000  0.00000000
 790000000   1.00000000  0.00000000
 791000000   1.00000000  0.00000000
 792000000   1.00000000  0.00000000
 793000000   1.00000000  0.00000000
 794000000   1.00000000  0.00000000
 795000000   1.00000000  0.00000000
 796000000   1.00000000  0.00000000
 797000000   1.00000000  0.00000000
 798000000   1.00000000  0.00000000
 799000000   1.00000000  0.00000000
 800000000   1.00000000  0.00000000
 801000000   1.00000000  0.00000000
 802000000   1.00000000  0.00000000
 803000000   1.00000000  0.00000000
 804000000   1.00000000  0.00000000
 805000000   1.00000000  0.00000000
 806000000   1.00000000  0.00000000
 807000000   1.00000000  0.00000000
 808000000   1.00000000  0.00000000
 809000000   1.00000000  0.00000000
 810000000   1.00000000  0.00000000
 811000000   1.00000000  0.00000000
 812000000   1.00000000  0.00000000
 813000000   1.00000000  0.00000000
 814000000   1.00000000  0.00000000
 815000000   1.00000000  0.00000000
 816000000   1.00000000  0.00000000
 817000000   1.00000000  0.00000000
 818000000   1.00000000  0.00000000
 819000000   1.00000000  0.00000000
 820000000   1.00000000  0.00000000
 821000000   1.00000000  0.00000000
 822000000   1.00000000  0.00000000
 823000000   1.00000000  0.00000000
 824000000   1.00000000  0.00000000
 825000000   1.00000000  0.00000000
 826000000   1.00000000  0.00000000
 827000000   1.00000000  0.00000000
 828000000   1.00000000  0.00000000
 829000000   1.00000000  0.00000000
 830000000   1.00000000  0.00000000
 831000000   1.00000000  0.00000000
 832000000   1.00000000  0.00000000
 833000000   1.00000000  0.00000000
 834000000   1.00000000  0.00000000
 835000000   1.00000000  0.00000000
 836000000   1.00000000  0.00000000
 837000000   1.00000000  0.00000000
 838000000   1.00000000  0.00000000
 839000000   1.00000000  0.00000000
 840000000   1.00000000  0.00000000
 841000000   1.00000000  0.00000000
 842000000   1.00000000  0.00000000
 843000000   1.00000000  0.00000000
 844000000   1.00000000  0.00000000
 845000000   1.00000000  0.00000000
 846000000   1.00000000  0.00000000
 847000000   1.00000000  0.00000000
 848000000   1.00000000  0.00000000
 849000000   1.00000000  0.00000000
 850000000   1.00000000  0.00000000
 851000000   1.00000000  0.00000000
 852000000   1.00000000  0.00000000
 853000000   1.00000000  0.00000000
 854000000   1.00000000  0.00000000
 855000000   1.00000000  0.00000000
 856000000   1.00000000  0.00000000
 857000000   1.00000000  0.00000000
 858000000   1.00000000  0.00000000
 859000000   1.00000000  0.00000000
 860000000   1.00000000  0.00000000
 861000000   1.00000000  0.00000000
 862000000   1.00000000  0.00000000
 863000000   1.00000000  0.00000000
 864000000   1.00000000  0.00000000
 865000000   1.00000000  0.00000000
 866000000   1.00000000  0.00000000
 867000000   1.00000000  0.00000000
 868000000   1.00000000  0.00000000
 869000000   1.00000000  0.00000000
 870000000   1.00000000  0.00000000
 871000000   1.00000000  0.00000000
 872000000   1.00000000  0.00000000
 873000000   1.00000000  0.00000000
 874000000   1.00000000  0.00000000
 875000000   1.00000000  0.00000000
 876000000   1.00000000  0.00000000
 877000000   1.00000000  0.00000000
 878000000   1.00000000  0.00000000
 879000000   1.00000000  0.00000000
 880000000   1.00000000  0.00000000
 881000000   1.00000000  0.00000000
 882000000   1.00000000  0.00000000
 883000000   1.00000000  0.00000000
 884000000   1.00000000  0.00000000
 885000000   1.00000000  0.00000000
 886000000   1.00000000  0.00000000
 887000000   1.00000000  0.00000000
 888000000   1.00000000  0.00000000
 889000000   1.00000000  0.00000000
 890000000   1.00000000  0.00000000
 891000000   1.00000000  0.00000000
 892000000   1.00000000  0.00000000
 893000000   1.00000000  0.00000000
 894000000   1.00000000  0.00000000
 895000000   1.00000000  0.00000000
 896000000   1.00000000  0.00000000
 897000000   1.00000000  0.00000000
 898000000   1.00000000  0.00000000
 899000000   1.00000000  0.00000000
 900000000   1.00000000  0.00000000
 901000000   1.00000000  0.00000000
 902000000   1.00000000  0.00000000
 903000000   1.00000000  0.00000000
 904000000   1.00000000  0.00000000
 905000000   1.00000000  0.00000000
 906000000   1.00000000  0.00000000
 907000000   1.00000000  0.00000000
 908000000   1.00000000  0.00000000
 909000000   1.00000000  0.00000000
 910000000   1.00000000  0.00000000
 911000000   1.00000000  0.00000000
 912000000   1.00000000  0.00000000
 913000000   1.00000000  0.00000000
 914000000   1.00000000  0.00000000
 915000000   1.00000000  0.00000000
 916000000   1.00000000  0.00000000
 917000000   1.00000000  0.00000000
 918000000   1.00000000  0.00000000
 919000000   1.00000000  0.00000000
 920000000   1.00000000  0.00000000
 921000000   1.00000000  0.00000000
 922000000   1.00000000  0.00000000
 923000000   1.00000000  0.00000000
 924000000   1.00000000  0.00000000
 925000000   1.00000000  0.00000000
 926000000   1.00000000  0.00000000
 927000000   1.00000000  0.00000000
 928000000   1.00000000  0.00000000
 929000000   1.00000000  0.00000000
 930000000   1.00000000  0.00000000
 931000000   1.00000000  0.00000000
 932000000   1.00000000  0.00000000
 933000000   1.00000000  0.00000000
 934000000   1.00000000  0.00000000
 935000000   1.00000000  0.00000000
 936000000   1.00000000  0.00000000
 937000000   1.00000000  0.00000000
 938000000   1.00000000  0.00000000
 939000000   1.00000000  0.00000000
 940000000   1.00000000  0.00000000
 941000000   1.00000000  0.00000000
 942000000   1.00000000  0.00000000
 943000000   1.00000000  0.00000000
 944000000   1.00000000  0.00000000
 945000000   1.00000000  0.00000000
 946000000   1.00000000  0.00000000
 947000000   1.00000000  0.00000000
 948000000   1.00000000  0.00000000
 949000000   1.00000000  0.00000000
 950000000   1.00000000  0.00000000
 951000000   1.00000000  0.00000000
 952000000   1.00000000  0.00000000
 953000000   1.00000000  0.00000000
 954000000   1.00000000  0.00000000
 955000000   1.00000000  0.00000000
 956000000   1.00000000  0.00000000
 957000000   1.00000000  0.00000000
 958000000   1.00000000  0.00000000
 959000000   1.00000000  0.00000000
 960000000   1.00000000  0.00000000
 961000000   1.00000000  0.00000000
 962000000   1.00000000  0.00000000
 963000000   1.00000000  0.00000000
 964000000   1.00000000  0.00000000
 965000000   1.00000000  0.00000000
 966000000   1.00000000  0.00000000
 967000000   1.00000000  0.00000000
 968000000   1.00000000  0.00000000
 969000000   1.00000000  0.00000000
 970000000   1.00000000  0.00000000
 971000000   1.00000000  0.00000000
 972000000   1.00000000  0.00000000
 973000000   1.00000000  0.00000000
 974000000   1.00000000  0.00000000
 975000000   1.00000000  0.00000000
 976000000   1.00000000  0.00000000
 977000000   1.00000000  0.00000000
 978000000   1.00000000  0.00000000
 979000000   1.00000000  0.00000000
 980000000   1.00000000  0.00000000
 981000000   1.00000000  0.00000000
 982000000   1.00000000  0.00000000
 983000000   1.00000000  0.00000000
 984000000   1.00000000  0.00000000
 985000000   1.00000000  0.00000000
 986000000   1.00000000  0.00000000
 987000000   1.00000000  0.00000000
 988000000   1.00000000  0.00000000
 989000000   1.00000000  0.00000000
 990000000   1.00000000  0.00000000
 991000000   1.00000000  0.00000000
 992000000   1.00000000  0.00000000
 993000000   1.00000000  0.00000000
 994000000   1.00000000  0.00000000
 995000000   1.00000000  0.00000000
 996000000   1.00000000  0.00000000
 997000000   1.00000000  0.00000000
 998000000   1.00000000  0.00000000
 999000000   1.00000000  0.00000000
1000000000   1.00000000  0.00000000