   1000000   0.00000000  1.00000000
   2000000   0.00000000  1.00000000
   3000000   0.00000000  1.00000000
   4000000   0.00000000  1.00000000
   5000000   0.00000000  1.00000000
   6000000   0.00000000  1.00000000
   7000000   0.00000000  1.00000000
   8000000   0.00000000  1.00000000
   9000000   0.00000000  1.00000000
  10000000   0.00000000  1.00000000
  11000000   0.00000000  1.00000000
  12000000   0.00000000  1.00000000
  13000000   0.00000000  1.00000000
  14000000   0.00000000  1.00000000
  15000000   0.00000000  1.00000000
  16000000   0.00000000  1.00000000
  17000000   0.00000000  1.00000000
  18000000   0.00000000  1.00000000
  19000000   0.00000000  1.00000000
  20000000   0.00000000  1.00000000
  21000000   0.00000000  1.00000000
  22000000   0.00000000  1.00000000
  23000000   0.00000000  1.00000000
  24000000   0.00000000  1.00000000
  25000000   0.00000000  1.00000000
  26000000   0.00000000  1.00000000
  27000000   0.00000000  1.00000000
  28000000   0.00000000  1.00000000
  29000000   0.00000000  1.00000000
  30000000   0.00000000  1.00000000
  31000000   0.00000000  1.00000000
  32000000   0.00000000  1.00000000
  33000000   0.00000000  1.00000000
  34000000   0.00000000  1.00000000
  35000000   0.00000000  1.00000000
  36000000   0.00000000  1.00000000
  37000000   0.00000000  1.00000000
  38000000   0.00000000  1.00000000
  39000000   0.00000000  1.00000000
  40000000   0.00000000  1.00000000
  41000000   0.00000000  1.00000000
  42000000   0.00000000  1.00000000
  43000000   0.00000000  1.00000000
  44000000   0.00000000  1.00000000
  45000000   0.00000000  1.00000000
  46000000   0.00000000  1.00000000
  47000000   0.00000000  1.00000000
  48000000   0.00000000  1.00000000
  49000000   0.01220620  0.98779380
  50000000   0.03196208  0.96803792
  51000000   0.05094321  0.94905679
  52000000   0.06919431  0.93080569
  53000000   0.08675668  0.91324332
  54000000   0.10366859  0.89633141
  55000000   0.11996553  0.88003447
  56000000   0.13568043  0.86431957
  57000000   0.15084393  0.84915607
  58000000   0.16548455  0.83451545
  59000000   0.17962888  0.82037112
  60000000   0.19330173  0.80669827
  61000000   0.20652629  0.79347371
  62000000   0.21932425  0.78067575
  63000000   0.23171593  0.76828407
  64000000   0.24372037  0.75627963
  65000000   0.25535544  0.74464456
  66000000   0.26663794  0.73336206
  67000000   0.27758364  0.72241636
  68000000   0.28820741  0.71179259
  69000000   0.29852324  0.70147676
  70000000   0.30854434  0.69145566
  71000000   0.31828315  0.68171685
  72000000   0.32775144  0.67224856
  73000000   0.33696032  0.66303968
  74000000   0.34592032  0.65407968
  75000000   0.35464138  0.64535862
  76000000   0.36313294  0.63686706
  77000000   0.37140394  0.62859606
  78000000   0.37946287  0.62053713
  79000000   0.38731777  0.61268223
  80000000   0.39497630  0.60502370
  81000000   0.40244572  0.59755428
  82000000   0.40973297  0.59026703
  83000000   0.41684462  0.58315538
  84000000   0.42378695  0.57621305
  85000000   0.43056592  0.56943408
  86000000   0.43718725  0.56281275
  87000000   0.44365636  0.55634364
  88000000   0.44997845  0.55002155
  89000000   0.45615847  0.54384153
  90000000   0.46220115  0.53779885
  91000000   0.46811103  0.53188897
  92000000   0.47389243  0.52610757
  93000000   0.47954950  0.52045050
  94000000   0.48508621  0.51491379
  95000000   0.49050635  0.50949365
  96000000   0.49581358  0.50418642
  97000000   0.50101138  0.49898862
  98000000   0.50610310  0.49389690
  99000000   0.51109195  0.48890805
 100000000   0.51598103  0.48401897
 101000000   0.52077330  0.47922670
 102000000   0.52547160  0.47452840
 103000000   0.53007867  0.46992133
 104000000   0.53459715  0.46540285
 105000000   0.53902956  0.46097044
 106000000   0.54337833  0.45662167
 107000000   0.54764583  0.45235417
 108000000   0.55183429  0.44816571
 109000000   0.55594590  0.44405410
 110000000   0.55998276  0.44001724
 111000000   0.56394688  0.43605312
 112000000   0.56784021  0.43215979
 113000000   0.57166463  0.42833537
 114000000   0.57542196  0.42457804
 115000000   0.57911394  0.42088606
 116000000   0.58274227  0.41725773
 117000000   0.58630858  0.41369142
 118000000   0.58981444  0.41018556
 119000000   0.59326137  0.40673863
 120000000   0.59665086  0.40334914
 121000000   0.59998433  0.40001567
 122000000   0.60326314  0.39673686
 123000000   0.60648865  0.39351135
 124000000   0.60966212  0.39033788
 125000000   0.61278483  0.38721517
 126000000   0.61585796  0.38414204
 127000000   0.61888270  0.38111730
 128000000   0.62186018  0.37813982
 129000000   0.62479150  0.37520850
 130000000   0.62767772  0.37232228
 131000000   0.63051987  0.36948013
 132000000   0.63331896  0.36668104
 133000000   0.63607597  0.36392403
 134000000   0.63879182  0.36120818
 135000000   0.64146743  0.35853257
 136000000   0.64410370  0.35589630
 137000000   0.64670148  0.35329852
 138000000   0.64926162  0.35073838
 139000000   0.65178492  0.34821508
 140000000   0.65427217  0.34572783
 141000000   0.65401230  0.34598770
 142000000   0.64940658  0.35059342
 143000000   0.64486528  0.35513472
 144000000   0.64038704  0.35961296
 145000000   0.63597058  0.36402942
 146000000   0.63161462  0.36838538
 147000000   0.62731792  0.37268208
 148000000   0.62307929  0.37692071
 149000000   0.61889755  0.38110245
 150000000   0.61477156  0.38522844
 151000000   0.61070023  0.38929977
 152000000   0.60668246  0.39331754
 153000000   0.60271722  0.39728278
 154000000   0.59880347  0.40119653
 155000000   0.59494022  0.40505978
 156000000   0.59112650  0.40887350
 157000000   0.58736137  0.41263863
 158000000   0.58364389  0.41635611
 159000000   0.57997317  0.42002683
 160000000   0.57634834  0.42365166
 161000000   0.57276854  0.42723146
 162000000   0.56923293  0.43076707
 163000000   0.56574070  0.43425930
 164000000   0.56229106  0.43770894
 165000000   0.55888324  0.44111676
 166000000   0.55551647  0.44448353
 167000000   0.55219003  0.44780997
 168000000   0.54890318  0.45109682
 169000000   0.54565523  0.45434477
 170000000   0.54244550  0.45755450
 171000000   0.53927330  0.46072670
 172000000   0.53613799  0.46386201
 173000000   0.53303893  0.46696107
 174000000   0.52997549  0.47002451
 175000000   0.52694705  0.47305295
 176000000   0.52395304  0.47604696
 177000000   0.52099285  0.47900715
 178000000   0.51806592  0.48193408
 179000000   0.51517170  0.48482830
 180000000   0.51230964  0.48769036
 181000000   0.50947920  0.49052080
 182000000   0.50667986  0.49332014
 183000000   0.50391112  0.49608888
 184000000   0.50117247  0.49882753
 185000000   0.49846343  0.50153657
 186000000   0.49578352  0.50421648
 187000000   0.49313227  0.50686773
 188000000   0.49050923  0.50949077
 189000000   0.48791394  0.51208606
 190000000   0.48534597  0.51465403
 191000000   0.48280489  0.51719511
 192000000   0.48029028  0.51970972
 193000000   0.47780173  0.52219827
 194000000   0.47533884  0.52466116
 195000000   0.47290120  0.52709880
 196000000   0.47048844  0.52951156
 197000000   0.46810018  0.53189982
 198000000   0.46573603  0.53426397
 199000000   0.46339565  0.53660435
 200000000   0.46107867  0.53892133
 201000000   0.45878475  0.54121525
 202000000   0.45651354  0.54348646
 203000000   0.45426470  0.54573530
 204000000   0.45203791  0.54796209
 205000000   0.44983285  0.55016715
 206000000   0.44764920  0.55235080
 207000000   0.44690306  0.55309694
 208000000   0.44956218  0.55043782
 209000000   0.45219585  0.54780415
 210000000   0.45480445  0.54519555
 211000000   0.45738831  0.54261169
 212000000   0.45994780  0.54005220
 213000000   0.46248326  0.53751674
 214000000   0.46499502  0.53500498
 215000000   0.46748341  0.53251659
 216000000   0.46994877  0.53005123
 217000000   0.47239140  0.52760860
 218000000   0.47481162  0.52518838
 219000000   0.47720974  0.52279026
 220000000   0.47958606  0.52041394
 221000000   0.48194088  0.51805912
 222000000   0.48427448  0.51572552
 223000000   0.48658715  0.51341285
 224000000   0.48887917  0.51112083
 225000000   0.49115082  0.50884918
 226000000   0.49340236  0.50659764
 227000000   0.49563407  0.50436593
 228000000   0.49784620  0.50215380
 229000000   0.50003901  0.49996099
 230000000   0.50221275  0.49778725
 231000000   0.50436768  0.49563232
 232000000   0.50650402  0.49349598
 233000000   0.50862203  0.49137797
 234000000   0.51072194  0.48927806
 235000000   0.51280397  0.48719603
 236000000   0.51486836  0.48513164
 237000000   0.51691533  0.48308467
 238000000   0.51894510  0.48105490
 239000000   0.52095788  0.47904212
 240000000   0.52295389  0.47704611
 241000000   0.52493333  0.47506667
 242000000   0.52689642  0.47310358
 243000000   0.52884335  0.47115665
 244000000   0.53077432  0.46922568
 245000000   0.53268952  0.46731048
 246000000   0.53458916  0.46541084
 247000000   0.53647341  0.46352659
 248000000   0.53834247  0.46165753
 249000000   0.54019652  0.45980348
 250000000   0.54203573  0.45796427
 251000000   0.54386029  0.45613971
 252000000   0.54567037  0.45432963
 253000000   0.54746614  0.45253386
 254000000   0.54924777  0.45075223
 255000000   0.55101543  0.44898457
 256000000   0.55276927  0.44723073
 257000000   0.55450947  0.44549053
 258000000   0.55623618  0.44376382
 259000000   0.55794955  0.44205045
 260000000   0.55964974  0.44035026
 261000000   0.56133691  0.43866309
 262000000   0.56301120  0.43698880
 263000000   0.56467275  0.43532725
 264000000   0.56632172  0.43367828
 265000000   0.56795824  0.43204176
 266000000   0.56958246  0.43041754
 267000000   0.57119451  0.42880549
 268000000   0.57279453  0.42720547
 269000000   0.57438265  0.42561735
 270000000   0.57595901  0.42404099
 271000000   0.57752374  0.42247626
 272000000   0.57907696  0.42092304
 273000000   0.58061880  0.41938120
 274000000   0.58214939  0.41785061
 275000000   0.58366885  0.41633115
 276000000   0.58517729  0.41482271
 277000000   0.58667485  0.41332515
 278000000   0.58816163  0.41183837
 279000000   0.58963775  0.41036225
 280000000   0.59110333  0.40889667
 281000000   0.59255848  0.40744152
 282000000   0.59400331  0.40599669
 283000000   0.59543793  0.40456207
 284000000   0.59686244  0.40313756
 285000000   0.59827696  0.40172304
 286000000   0.59968159  0.40031841
 287000000   0.60107642  0.39892358
 288000000   0.60151288  0.39848712
 289000000   0.59943152  0.40056848
 290000000   0.59736452  0.40263548
 291000000   0.59531172  0.40468828
 292000000   0.59327298  0.40672702
 293000000   0.59124815  0.40875185
 294000000   0.58923711  0.41076289
 295000000   0.58723969  0.41276031
 296000000   0.58525578  0.41474422
 297000000   0.58328522  0.41671478
 298000000   0.58132788  0.41867212
 299000000   0.57938364  0.42061636
 300000000   0.57745236  0.42254764
 301000000   0.57553392  0.42446608
 302000000   0.57362818  0.42637182
 303000000   0.57173501  0.42826499
 304000000   0.56985431  0.43014569
 305000000   0.56798593  0.43201407
 306000000   0.56612977  0.43387023
 307000000   0.56428570  0.43571430
 308000000   0.56245360  0.43754640
 309000000   0.56063336  0.43936664
 310000000   0.55882487  0.44117513
 311000000   0.55702800  0.44297200
 312000000   0.55524266  0.44475734
 313000000   0.55346872  0.44653128
 314000000   0.55170608  0.44829392
 315000000   0.54995463  0.45004537
 316000000   0.54821427  0.45178573
 317000000   0.54648489  0.45351511
 318000000   0.54476638  0.45523362
 319000000   0.54305865  0.45694135
 320000000   0.54136159  0.45863841
 321000000   0.53967511  0.46032489
 322000000   0.53799910  0.46200090
 323000000   0.53633347  0.46366653
 324000000   0.53467812  0.46532188
 325000000   0.53303295  0.46696705
 326000000   0.53139788  0.46860212
 327000000   0.52977281  0.47022719
 328000000   0.52815765  0.47184235
 329000000   0.52655231  0.47344769
 330000000   0.52495670  0.47504330
 331000000   0.52337072  0.47662928
 332000000   0.52179431  0.47820569
 333000000   0.52022736  0.47977264
 334000000   0.51866979  0.48133021
 335000000   0.51712152  0.48287848
 336000000   0.51558247  0.48441753
 337000000   0.51405255  0.48594745
 338000000   0.51253168  0.48746832
 339000000   0.51101979  0.48898021
 340000000   0.50951679  0.49048321
 341000000   0.50802261  0.49197739
 342000000   0.50653716  0.49346284
 343000000   0.50506038  0.49493962
 344000000   0.50359218  0.49640782
 345000000   0.50213249  0.49786751
 346000000   0.50068124  0.49931876
 347000000   0.49923836  0.50076164
 348000000   0.49780376  0.50219624
 349000000   0.49637739  0.50362261
 350000000   0.49495917  0.50504083
 351000000   0.49354903  0.50645097
 352000000   0.49214690  0.50785310
 353000000   0.49075272  0.50924728
 354000000   0.48936641  0.51063359
 355000000   0.48798791  0.51201209
 356000000   0.48661716  0.51338284
 357000000   0.48525409  0.51474591
 358000000   0.48389863  0.51610137
 359000000   0.48255072  0.51744928
 360000000   0.48121030  0.51878970
 361000000   0.47987731  0.52012269
 362000000   0.47855168  0.52144832
 363000000   0.47723336  0.52276664
 364000000   0.47592228  0.52407772
 365000000   0.47461838  0.52538162
 366000000   0.47332161  0.52667839
 367000000   0.47203191  0.52796809
 368000000   0.47074921  0.52925079
 369000000   0.46947347  0.53052653
 370000000   0.46820462  0.53179538
 371000000   0.46694261  0.53305739
 372000000   0.46568739  0.53431261
 373000000   0.46443890  0.53556110
 374000000   0.46319708  0.53680292
 375000000   0.46196189  0.53803811
 376000000   0.46073327  0.53926673
 377000000   0.45951117  0.54048883
 378000000   0.45829553  0.54170447
 379000000   0.45708630  0.54291370
 380000000   0.45588345  0.54411655
 381000000   0.45468690  0.54531310
 382000000   0.45349662  0.54650338
 383000000   0.45231256  0.54768744
 384000000   0.45113466  0.54886534
 385000000   0.44996288  0.55003712
 386000000   0.44879718  0.55120282
 387000000   0.44763749  0.55236251
 388000000   0.44648379  0.55351621
 389000000   0.44533601  0.55466399
 390000000   0.44419413  0.55580587
 391000000   0.44305808  0.55694192
 392000000   0.44192783  0.55807217
 393000000   0.44080333  0.55919667
 394000000   0.43968454  0.56031546
 395000000   0.43857142  0.56142858
 396000000   0.43746391  0.56253609
 397000000   0.43636199  0.56363801
 398000000   0.43744709  0.56255291
 399000000   0.43885700  0.56114300
 400000000   0.44025986  0.55974014
 401000000   0.44165572  0.55834428
 402000000   0.44304464  0.55695536
 403000000   0.44442666  0.55557334
 404000000   0.44580184  0.55419816
 405000000   0.44717023  0.55282977
 406000000   0.44853188  0.55146812
 407000000   0.44988684  0.55011316
 408000000   0.45123516  0.54876484
 409000000   0.45257688  0.54742312
 410000000   0.45391206  0.54608794
 411000000   0.45524074  0.54475926
 412000000   0.45656297  0.54343703
 413000000   0.45787880  0.54212120
 414000000   0.45918827  0.54081173
 415000000   0.46049143  0.53950857
 416000000   0.46178833  0.53821167
 417000000   0.46307900  0.53692100
 418000000   0.46436350  0.53563650
 419000000   0.46564187  0.53435813
 420000000   0.46691415  0.53308585
 421000000   0.46818039  0.53181961
 422000000   0.46944062  0.53055938
 423000000   0.47069490  0.52930510
 424000000   0.47194326  0.52805674
 425000000   0.47318575  0.52681425
 426000000   0.47442240  0.52557760
 427000000   0.47565326  0.52434674
 428000000   0.47687837  0.52312163
 429000000   0.47809777  0.52190223
 430000000   0.47931150  0.52068850
 431000000   0.48051959  0.51948041
 432000000   0.48172209  0.51827791
 433000000   0.48291904  0.51708096
 434000000   0.48411047  0.51588953
 435000000   0.48529642  0.51470358
 436000000   0.48647693  0.51352307
 437000000   0.48765204  0.51234796
 438000000   0.48882179  0.51117821
 439000000   0.48998620  0.51001380
 440000000   0.49114533  0.50885467
 441000000   0.49229919  0.50770081
 442000000   0.49344784  0.50655216
 443000000   0.49459129  0.50540871
 444000000   0.49572960  0.50427040
 445000000   0.49686279  0.50313721
 446000000   0.49799090  0.50200910
 447000000   0.49911397  0.50088603
 448000000   0.50023202  0.49976798
 449000000   0.50134509  0.49865491
 450000000   0.50245321  0.49754679
 451000000   0.50355642  0.49644358
 452000000   0.50465474  0.49534526
 453000000   0.50574822  0.49425178
 454000000   0.50683688  0.49316312
 455000000   0.50792075  0.49207925
 456000000   0.50899988  0.49100012
 457000000   0.51007427  0.48992573
 458000000   0.51114398  0.48885602
 459000000   0.51220903  0.48779097
 460000000   0.51326944  0.48673056
 461000000   0.51432526  0.48567474
 462000000   0.51537650  0.48462350
 463000000   0.51642320  0.48357680
 464000000   0.51746540  0.48253460
 465000000   0.51850310  0.48149690
 466000000   0.51953636  0.48046364
 467000000   0.52056519  0.47943481
 468000000   0.52158962  0.47841038
 469000000   0.52260969  0.47739031
 470000000   0.52362541  0.47637459
 471000000   0.52463682  0.47536318
 472000000   0.52564395  0.47435605
 473000000   0.52664681  0.47335319
 474000000   0.52764545  0.47235455
 475000000   0.52863988  0.47136012
 476000000   0.52963013  0.47036987
 477000000   0.53061623  0.46938377
 478000000   0.53159821  0.46840179
 479000000   0.53257608  0.46742392
 480000000   0.53354988  0.46645012
 481000000   0.53451963  0.46548037
 482000000   0.53548536  0.46451464
 483000000   0.53644709  0.46355291
 484000000   0.53740484  0.46259516
 485000000   0.53835865  0.46164135
 486000000   0.53930853  0.46069147
 487000000   0.54025450  0.45974550
 488000000   0.54119661  0.45880339
 489000000   0.54213485  0.45786515
 490000000   0.54306927  0.45693073
 491000000   0.54399988  0.45600012
 492000000   0.54492671  0.45507329
 493000000   0.54584978  0.45415022
 494000000   0.54676912  0.45323088
 495000000   0.54768473  0.45231527
 496000000   0.54859666  0.45140334
 497000000   0.54950492  0.45049508
 498000000   0.55040952  0.44959048
 499000000   0.55131051  0.44868949
 500000000   0.55220789  0.44779211
 501000000   0.55310168  0.44689832
 502000000   0.55399192  0.44600808
 503000000   0.55487862  0.44512138
 504000000   0.55576179  0.44423821
 505000000   0.55664147  0.44335853
 506000000   0.55751767  0.44248233
 507000000   0.55839042  0.44160958
 508000000   0.55925973  0.44074027
 509000000   0.56012563  0.43987437
 510000000   0.56098812  0.43901188
 511000000   0.56184725  0.43815275
 512000000   0.56270301  0.43729699
 513000000   0.56355545  0.43644455
 514000000   0.56440456  0.43559544
 515000000   0.56525038  0.43474962
 516000000   0.56609291  0.43390709
 517000000   0.56693219  0.43306781
 518000000   0.56776823  0.43223177
 519000000   0.56860105  0.43139895
 520000000   0.56943066  0.43056934
 521000000   0.57025709  0.42974291
 522000000   0.57108035  0.42891965
 523000000   0.57190047  0.42809953
 524000000   0.57271745  0.42728255
 525000000   0.57353132  0.42646868
 526000000   0.57434210  0.42565790
 527000000   0.57514980  0.42485020
 528000000   0.57595444  0.42404556
 529000000   0.57675604  0.42324396
 530000000   0.57755461  0.42244539
 531000000   0.57835018  0.42164982
 532000000   0.57914275  0.42085725
 533000000   0.57993235  0.42006765
 534000000   0.58071900  0.41928100
 535000000   0.58150270  0.41849730
 536000000   0.58228348  0.41771652
 537000000   0.58306135  0.41693865
 538000000   0.58383633  0.41616367
 539000000   0.58460843  0.41539157
 540000000   0.58537767  0.41462233
 541000000   0.58614407  0.41385593
 542000000   0.58690764  0.41309236
 543000000   0.58766840  0.41233160
 544000000   0.58842637  0.41157363
 545000000   0.58918155  0.41081845
 546000000   0.58993396  0.41006604
 547000000   0.59068363  0.40931637
 548000000   0.59143055  0.40856945
 549000000   0.59217476  0.40782524
 550000000   0.59291626  0.40708374
 551000000   0.59365507  0.40634493
 552000000   0.59439120  0.40560880
 553000000   0.59512467  0.40487533
 554000000   0.59585549  0.40414451
 555000000   0.59658368  0.40341632
 556000000   0.59730925  0.40269075
 557000000   0.59803221  0.40196779
 558000000   0.59875259  0.40124741
 559000000   0.59947038  0.40052962
 560000000   0.60018561  0.39981439
 561000000   0.60089829  0.39910171
 562000000   0.60160844  0.39839156
 563000000   0.60231606  0.39768394
 564000000   0.60302118  0.39697882
 565000000   0.60372379  0.39627621
 566000000   0.60442393  0.39557607
 567000000   0.60512159  0.39487841
 568000000   0.60581680  0.39418320
 569000000   0.60650957  0.39349043
 570000000   0.60719990  0.39280010
 571000000   0.60788782  0.39211218
 572000000   0.60857333  0.39142667
 573000000   0.60925645  0.39074355
 574000000   0.60993718  0.39006282
 575000000   0.61061555  0.38938445
 576000000   0.61129157  0.38870843
 577000000   0.61196524  0.38803476
 578000000   0.61263658  0.38736342
 579000000   0.61330560  0.38669440
 580000000   0.61397232  0.38602768
 581000000   0.61463674  0.38536326
 582000000   0.61529887  0.38470113
 583000000   0.61595874  0.38404126
 584000000   0.61661634  0.38338366
 585000000   0.61727170  0.38272830
 586000000   0.61792482  0.38207518
 587000000   0.61857571  0.38142429
 588000000   0.61922439  0.38077561
 589000000   0.61987087  0.38012913
 590000000   0.62051516  0.37948484
 591000000   0.62115726  0.37884274
 592000000   0.62179720  0.37820280
 593000000   0.62243498  0.37756502
 594000000   0.62307061  0.37692939
 595000000   0.62370411  0.37629589
 596000000   0.62433548  0.37566452
 597000000   0.62496473  0.37503527
 598000000   0.62559188  0.37440812
 599000000   0.62621693  0.37378307
 600000000   0.62683991  0.37316009
 601000000   0.62746080  0.37253920
 602000000   0.62807964  0.37192036
 603000000   0.62869642  0.37130358
 604000000   0.62931116  0.37068884
 605000000   0.62992387  0.37007613
 606000000   0.63053456  0.36946544
 607000000   0.63114323  0.36885677
 608000000   0.63174991  0.36825009
 609000000   0.63235459  0.36764541
 610000000   0.63295728  0.36704272
 611000000   0.63355801  0.36644199
 612000000   0.63415677  0.36584323
 613000000   0.63475358  0.36524642
 614000000   0.63534844  0.36465156
 615000000   0.63594137  0.36405863
 616000000   0.63653238  0.36346762
 617000000   0.63712146  0.36287854
 618000000   0.63770865  0.36229135
 619000000   0.63829393  0.36170607
 620000000   0.63887733  0.36112267
 621000000   0.63945885  0.36054115
 622000000   0.64003849  0.35996151
 623000000   0.64061628  0.35938372
 624000000   0.64119222  0.35880778
 625000000   0.64176631  0.35823369
 626000000   0.64233857  0.35766143
 627000000   0.64290900  0.35709100
 628000000   0.64347762  0.35652238
 629000000   0.64404443  0.35595557
 630000000   0.64460943  0.35539057
 631000000   0.64517265  0.35482735
 632000000   0.64573409  0.35426591
 633000000   0.64629375  0.35370625
 634000000   0.64685165  0.35314835
 635000000   0.64740778  0.35259222
 636000000   0.64796218  0.35203782
 637000000   0.64851482  0.35148518
 638000000   0.64906574  0.35093426
 639000000   0.64961493  0.35038507
 640000000   0.65016241  0.34983759
 641000000   0.65070818  0.34929182
 642000000   0.65125225  0.34874775
 643000000   0.65179462  0.34820538
 644000000   0.65233532  0.34766468
 645000000   0.65287433  0.34712567
 646000000   0.65341168  0.34658832
 647000000   0.65394736  0.34605264
 648000000   0.65448139  0.34551861
 649000000   0.65501378  0.34498622
 650000000   0.65554453  0.34445547
 651000000   0.65607365  0.34392635
 652000000   0.65660114  0.34339886
 653000000   0.65712702  0.34287298
 654000000   0.65765129  0.34234871
 655000000   0.65817396  0.34182604
 656000000   0.65869504  0.34130496
 657000000   0.65921453  0.34078547
 658000000   0.65973244  0.34026756
 659000000   0.66024878  0.33975122
 660000000   0.66076355  0.33923645
 661000000   0.66127677  0.33872323
 662000000   0.66178843  0.33821157
 663000000   0.66229856  0.33770144
 664000000   0.66280714  0.33719286
 665000000   0.66249740  0.33750260
 666000000   0.66150266  0.33849734
 667000000   0.66051090  0.33948910
 668000000   0.65952211  0.34047789
 669000000   0.65853628  0.34146372
 670000000   0.65755339  0.34244661
 671000000   0.65657343  0.34342657
 672000000   0.65559638  0.34440362
 673000000   0.65462224  0.34537776
 674000000   0.65365099  0.34634901
 675000000   0.65268262  0.34731738
 676000000   0.65171711  0.34828289
 677000000   0.65075446  0.34924554
 678000000   0.64979464  0.35020536
 679000000   0.64883766  0.35116234
 680000000   0.64788348  0.35211652
 681000000   0.64693211  0.35306789
 682000000   0.64598353  0.35401647
 683000000   0.64503773  0.35496227
 684000000   0.64409469  0.35590531
 685000000   0.64315441  0.35684559
 686000000   0.64221686  0.35778314
 687000000   0.64128205  0.35871795
 688000000   0.64034995  0.35965005
 689000000   0.63942056  0.36057944
 690000000   0.63849387  0.36150613
 691000000   0.63756985  0.36243015
 692000000   0.63664851  0.36335149
 693000000   0.63572982  0.36427018
 694000000   0.63481379  0.36518621
 695000000   0.63390039  0.36609961
 696000000   0.63298961  0.36701039
 697000000   0.63208145  0.36791855
 698000000   0.63117589  0.36882411
 699000000   0.63027292  0.36972708
 700000000   0.62937253  0.37062747
 701000000   0.62847471  0.37152529
 702000000   0.62757944  0.37242056
 703000000   0.62668673  0.37331327
 704000000   0.62579655  0.37420345
 705000000   0.62490889  0.37509111
 706000000   0.62402375  0.37597625
 707000000   0.62314112  0.37685888
 708000000   0.62226097  0.37773903
 709000000   0.62138331  0.37861669
 710000000   0.62050812  0.37949188
 711000000   0.61963540  0.38036460
 712000000   0.61876512  0.38123488
 713000000   0.61789729  0.38210271
 714000000   0.61703189  0.38296811
 715000000   0.61616891  0.38383109
 716000000   0.61530834  0.38469166
 717000000   0.61445017  0.38554983
 718000000   0.61359438  0.38640562
 719000000   0.61274099  0.38725901
 720000000   0.61188996  0.38811004
 721000000   0.61104129  0.38895871
 722000000   0.61019497  0.38980503
 723000000   0.60935099  0.39064901
 724000000   0.60850935  0.39149065
 725000000   0.60767003  0.39232997
 726000000   0.60683301  0.39316699
 727000000   0.60599831  0.39400169
 728000000   0.60516589  0.39483411
 729000000   0.60433576  0.39566424
 730000000   0.60350790  0.39649210
 731000000   0.60268231  0.39731769
 732000000   0.60185897  0.39814103
 733000000   0.60103788  0.39896212
 734000000   0.60021903  0.39978097
 735000000   0.59940241  0.40059759
 736000000   0.59858800  0.40141200
 737000000   0.59777581  0.40222419
 738000000   0.59696581  0.40303419
 739000000   0.59615801  0.40384199
 740000000   0.59535239  0.40464761
 741000000   0.59454895  0.40545105
 742000000   0.59374767  0.40625233
 743000000   0.59294854  0.40705146
 744000000   0.59215157  0.40784843
 745000000   0.59135674  0.40864326
 746000000   0.59056403  0.40943597
 747000000   0.58977345  0.41022655
 748000000   0.58898498  0.41101502
 749000000   0.58819862  0.41180138
 750000000   0.58741436  0.41258564
 751000000   0.58663218  0.41336782
 752000000   0.58585209  0.41414791
 753000000   0.58507406  0.41492594
 754000000   0.58429810  0.41570190
 755000000   0.58352420  0.41647580
 756000000   0.58275234  0.41724766
 757000000   0.58198252  0.41801748
 758000000   0.58121473  0.41878527
 759000000   0.58044897  0.41955103
 760000000   0.57968522  0.42031478
 761000000   0.57892348  0.42107652
 762000000   0.57816374  0.42183626
 763000000   0.57740599  0.42259401
 764000000   0.57665022  0.42334978
 765000000   0.57589643  0.42410357
 766000000   0.57514461  0.42485539
 767000000   0.57439474  0.42560526
 768000000   0.57364683  0.42635317
 769000000   0.57290087  0.42709913
 770000000   0.57215684  0.42784316
 771000000   0.57141475  0.42858525
 772000000   0.57067457  0.42932543
 773000000   0.56993631  0.43006369
 774000000   0.56919996  0.43080004
 775000000   0.56846551  0.43153449
 776000000   0.56773295  0.43226705
 777000000   0.56700228  0.43299772
 778000000   0.56627348  0.43372652
 779000000   0.56554656  0.43445344
 780000000   0.56482150  0.43517850
 781000000   0.56409830  0.43590170
 782000000   0.56337694  0.43662306
 783000000   0.56265743  0.43734257
 784000000   0.56193976  0.43806024
 785000000   0.56122391  0.43877609
 786000000   0.56050988  0.43949012
 787000000   0.55979767  0.44020233
 788000000   0.55908727  0.44091273
 789000000   0.55837867  0.44162133
 790000000   0.55767186  0.44232814
 791000000   0.55696684  0.44303316
 792000000   0.55626360  0.44373640
 793000000   0.55556213  0.44443787
 794000000   0.55486243  0.44513757
 795000000   0.55416449  0.44583551
 796000000   0.55346830  0.44653170
 797000000   0.55277386  0.44722614
 798000000   0.55208116  0.44791884
 799000000   0.55139020  0.44860980
 800000000   0.55070096  0.44929904
 801000000   0.55001344  0.44998656
 802000000   0.54932764  0.45067236
 803000000   0.54864355  0.45135645
 804000000   0.54796115  0.45203885
 805000000   0.54728046  0.45271954
 806000000   0.54660145  0.45339855
 807000000   0.54592412  0.45407588
 808000000   0.54524848  0.45475152
 809000000   0.54457450  0.45542550
 810000000   0.54390218  0.45609782
 811000000   0.54323153  0.45676847
 812000000   0.54256252  0.45743748
 813000000   0.54189516  0.45810484
 814000000   0.54122945  0.45877055
 815000000   0.54056536  0.45943464
 816000000   0.53990290  0.46009710
 817000000   0.53924207  0.46075793
 818000000   0.53858285  0.46141715
 819000000   0.53792524  0.46207476
 820000000   0.53726923  0.46273077
 821000000   0.53661482  0.46338518
 822000000   0.53596201  0.46403799
 823000000   0.53531078  0.46468922
 824000000   0.53466113  0.46533887
 825000000   0.53401305  0.46598695
 826000000   0.53336655  0.46663345
 827000000   0.53272161  0.46727839
 828000000   0.53207822  0.46792178
 829000000   0.53143639  0.46856361
 830000000   0.53079611  0.46920389
 831000000   0.53015736  0.46984264
 832000000   0.52952015  0.47047985
 833000000   0.52888448  0.47111552
 834000000   0.52825032  0.47174968
 835000000   0.52761769  0.47238231
 836000000   0.52698657  0.47301343
 837000000   0.52635695  0.47364305
 838000000   0.52572884  0.47427116
 839000000   0.52521941  0.47478059
 840000000   0.52578463  0.47421537
 841000000   0.52634850  0.47365150
 842000000   0.52691103  0.47308897
 843000000   0.52747222  0.47252778
 844000000   0.52803209  0.47196791
 845000000   0.52859063  0.47140937
 846000000   0.52914786  0.47085214
 847000000   0.52970376  0.47029624
 848000000   0.53025836  0.46974164
 849000000   0.53081164  0.46918836
 850000000   0.53136363  0.46863637
 851000000   0.53191432  0.46808568
 852000000   0.53246372  0.46753628
 853000000   0.53301182  0.46698818
 854000000   0.53355865  0.46644135
 855000000   0.53410419  0.46589581
 856000000   0.53464846  0.46535154
 857000000   0.53519146  0.46480854
 858000000   0.53573320  0.46426680
 859000000   0.53627367  0.46372633
 860000000   0.53681289  0.46318711
 861000000   0.53735085  0.46264915
 862000000   0.53788757  0.46211243
 863000000   0.53842304  0.46157696
 864000000   0.53859385  0.46140615
 865000000   0.53797120  0.46202880
 866000000   0.53734999  0.46265001
 867000000   0.53673020  0.46326980
 868000000   0.53611185  0.46388815
 869000000   0.53549492  0.46450508
 870000000   0.53487941  0.46512059
 871000000   0.53426531  0.46573469
 872000000   0.53365262  0.46634738
 873000000   0.53304134  0.46695866
 874000000   0.53243145  0.46756855
 875000000   0.53182296  0.46817704
 876000000   0.53121585  0.46878415
 877000000   0.53061013  0.46938987
 878000000   0.53000579  0.46999421
 879000000   0.52940283  0.47059717
 880000000   0.52880124  0.47119876
 881000000   0.52820101  0.47179899
 882000000   0.52760214  0.47239786
 883000000   0.52700463  0.47299537
 884000000   0.52640847  0.47359153
 885000000   0.52581366  0.47418634
 886000000   0.52522019  0.47477981
 887000000   0.52462806  0.47537194
 888000000   0.52403726  0.47596274
 889000000   0.52344779  0.47655221
 890000000   0.52285965  0.47714035
 891000000   0.52227283  0.47772717
 892000000   0.52168732  0.47831268
 893000000   0.52110312  0.47889688
 894000000   0.52052023  0.47947977
 895000000   0.51993865  0.48006135
 896000000   0.51935836  0.48064164
 897000000   0.51877936  0.48122064
 898000000   0.51890712  0.48109288
 899000000   0.51944226  0.48055774
 900000000   0.51997621  0.48002379
 901000000   0.52050898  0.47949102
 902000000   0.52104057  0.47895943
 903000000   0.52157098  0.47842902
 904000000   0.52210021  0.47789979
 905000000   0.52262828  0.47737172
 906000000   0.52315518  0.47684482
 907000000   0.52368092  0.47631908
 908000000   0.52420550  0.47579450
 909000000   0.52472892  0.47527108
 910000000   0.52525120  0.47474880
 911000000   0.52577233  0.47422767
 912000000   0.52629232  0.47370768
 913000000   0.52681116  0.47318884
 914000000   0.52732887  0.47267113
 915000000   0.52784546  0.47215454
 916000000   0.52836091  0.47163909
 917000000   0.52887524  0.47112476
 918000000   0.52938844  0.47061156
 919000000   0.52990053  0.47009947
 920000000   0.53041151  0.46958849
 921000000   0.53092138  0.46907862
 922000000   0.53143014  0.46856986
 923000000   0.53193780  0.46806220
 924000000   0.53244436  0.46755564
 925000000   0.53294983  0.46705017
 926000000   0.53345420  0.46654580
 927000000   0.53395749  0.46604251
 928000000   0.53445969  0.46554031
 929000000   0.53496081  0.46503919
 930000000   0.53546085  0.46453915
 931000000   0.53595982  0.46404018
 932000000   0.53645772  0.46354228
 933000000   0.53695455  0.46304545
 934000000   0.53745031  0.46254969
 935000000   0.53794502  0.46205498
 936000000   0.53843867  0.46156133
 937000000   0.53893126  0.46106874
 938000000   0.53942281  0.46057719
 939000000   0.53991330  0.46008670
 940000000   0.54040276  0.45959724
 941000000   0.54089117  0.45910883
 942000000   0.54137855  0.45862145
 943000000   0.54186489  0.45813511
 944000000   0.54235020  0.45764980
 945000000   0.54283449  0.45716551
 946000000   0.54331775  0.45668225
 947000000   0.54379999  0.45620001
 948000000   0.54428121  0.45571879
 949000000   0.54476142  0.45523858
 950000000   0.54524062  0.45475938
 951000000   0.54571881  0.45428119
 952000000   0.54619600  0.45380400
 953000000   0.54667218  0.45332782
 954000000   0.54714737  0.45285263
 955000000   0.54762156  0.45237844
 956000000   0.54809476  0.45190524
 957000000   0.54856697  0.45143303
 958000000   0.54903820  0.45096180
 959000000   0.54950844  0.45049156
 960000000   0.54997770  0.45002230
 961000000   0.55044598  0.44955402
 962000000   0.55091330  0.44908670
 963000000   0.55137964  0.44862036
 964000000   0.55184501  0.44815499
 965000000   0.55230942  0.44769058
 966000000   0.55277287  0.44722713
 967000000   0.55323536  0.44676464
 968000000   0.55369689  0.44630311
 969000000   0.55415747  0.44584253
 970000000   0.55461710  0.44538290
 971000000   0.55507579  0.44492421
 972000000   0.55553353  0.44446647
 973000000   0.55599033  0.44400967
 974000000   0.55644619  0.44355381
 975000000   0.55690112  0.44309888
 976000000   0.55735511  0.44264489
 977000000   0.55780818  0.44219182
 978000000   0.55826032  0.44173968
 979000000   0.55871153  0.44128847
 980000000   0.55916183  0.44083817
 981000000   0.55961120  0.44038880
 982000000   0.56005967  0.43994033
 983000000   0.56050721  0.43949279
 984000000   0.56095385  0.43904615
 985000000   0.56139959  0.43860041
 986000000   0.56184441  0.43815559
 987000000   0.56228834  0.43771166
 988000000   0.56273137  0.43726863
 989000000   0.56317350  0.43682650
 990000000   0.56361474  0.43638526
 991000000   0.56405509  0.43594491
 992000000   0.56449455  0.43550545
 993000000   0.56493312  0.43506688
 994000000   0.56537082  0.43462918
 995000000   0.56580763  0.43419237
 996000000   0.56624357  0.43375643
 997000000   0.56667863  0.43332137
 998000000   0.56711282  0.43288718
 999000000   0.56754614  0.43245386
1000000000   0.56797859  0.43202141