   100000   0.51902481  0.48097519
   200000   0.50766746  0.49233254
   300000   0.49441502  0.50558498
   400000   0.50841873  0.49158127
   500000   0.51805296  0.48194704
   600000   0.50692416  0.49307584
   700000   0.50966641  0.49033359
   800000   0.50955561  0.49044439
   900000   0.50559166  0.49440834
  1000000   0.51460749  0.48539251
  1100000   0.51015954  0.48984046
  1200000   0.51383457  0.48616543
  1300000   0.51360268  0.48639732
  1400000   0.51609249  0.48390751
  1500000   0.51359966  0.48640034
  1600000   0.51235655  0.48764345
  1700000   0.51122382  0.48877618
  1800000   0.51124027  0.48875973
  1900000   0.51088920  0.48911080
  2000000   0.50930675  0.49069325
  2100000   0.50985547  0.49014453
  2200000   0.51134022  0.48865978
  2300000   0.51300152  0.48699848
  2400000   0.51643187  0.48356813
  2500000   0.51584259  0.48415741
  2600000   0.51369442  0.48630558
  2700000   0.51235166  0.48764834
  2800000   0.51085446  0.48914554
  2900000   0.51127120  0.48872880
  3000000   0.51280250  0.48719750
  3100000   0.51131984  0.48868016
  3200000   0.51098672  0.48901328
  3300000   0.51125924  0.48874076
  3400000   0.51087191  0.48912809
  3500000   0.50980414  0.49019586
  3600000   0.50979458  0.49020542
  3700000   0.50805067  0.49194933
  3800000   0.50801381  0.49198619
  3900000   0.50923295  0.49076705
  4000000   0.50904587  0.49095413
  4100000   0.50797744  0.49202256
  4200000   0.50806845  0.49193155
  4300000   0.50750477  0.49249523
  4400000   0.50623534  0.49376466
  4500000   0.50544211  0.49455789
  4600000   0.50450902  0.49549098
  4700000   0.50470245  0.49529755
  4800000   0.50452469  0.49547531
  4900000   0.50530377  0.49469623
  5000000   0.50542690  0.49457310
  5100000   0.50359794  0.49640206
  5200000   0.50408933  0.49591067
  5300000   0.50355009  0.49644991
  5400000   0.50386305  0.49613695
  5500000   0.50509500  0.49490500
  5600000   0.50583098  0.49416902
  5700000   0.50636886  0.49363114
  5800000   0.50668802  0.49331198
  5900000   0.50747534  0.49252466
  6000000   0.50765508  0.49234492
  6100000   0.50823500  0.49176500
  6200000   0.50752121  0.49247879
  6300000   0.50826706  0.49173294
  6400000   0.50732742  0.49267258
  6500000   0.50772577  0.49227423
  6600000   0.50667614  0.49332386
  6700000   0.50628381  0.49371619
  6800000   0.50618095  0.49381905
  6900000   0.50791732  0.49208268
  7000000   0.50850278  0.49149722
  7100000   0.50872246  0.49127754
  7200000   0.50851826  0.49148174
  7300000   0.50764349  0.49235651
  7400000   0.50720507  0.49279493
  7500000   0.50750060  0.49249940
  7600000   0.50770835  0.49229165
  7700000   0.50693526  0.49306474
  7800000   0.50706263  0.49293737
  7900000   0.50723057  0.49276943
  8000000   0.50722556  0.49277444
  8100000   0.50691599  0.49308401
  8200000   0.50806762  0.49193238
  8300000   0.50793211  0.49206789
  8400000   0.50840018  0.49159982
  8500000   0.50825029  0.49174971
  8600000   0.50840227  0.49159773
  8700000   0.50807431  0.49192569
  8800000   0.50805983  0.49194017
  8900000   0.50773118  0.49226882
  9000000   0.50811361  0.49188639
  9100000   0.50707082  0.49292918
  9200000   0.50682994  0.49317006
  9300000   0.50664758  0.49335242
  9400000   0.50609899  0.49390101
  9500000   0.50653858  0.49346142
  9600000   0.50640266  0.49359734
  9700000   0.50582820  0.49417180
  9800000   0.50545485  0.49454515
  9900000   0.50487146  0.49512854
 10000000   0.50466305  0.49533695
 10100000   0.50497401  0.49502599
 10200000   0.50489103  0.49510897
 10300000   0.50451548  0.49548452
 10400000   0.50494457  0.49505543
 10500000   0.50433938  0.49566062
 10600000   0.50424108  0.49575892
 10700000   0.50541313  0.49458687
 10800000   0.50536801  0.49463199
 10900000   0.50550867  0.49449133
 11000000   0.50586114  0.49413886
 11100000   0.50584797  0.49415203
 11200000   0.50582844  0.49417156
 11300000   0.50572190  0.49427810
 11400000   0.50534022  0.49465978
 11500000   0.50517970  0.49482030
 11600000   0.50519263  0.49480737
 11700000   0.50497585  0.49502415
 11800000   0.50526809  0.49473191
 11900000   0.50498298  0.49501702
 12000000   0.50434479  0.49565521
 12100000   0.50496963  0.49503037
 12200000   0.50529250  0.49470750
 12300000   0.50569215  0.49430785
 12400000   0.50509972  0.49490028
 12500000   0.50491692  0.49508308
 12600000   0.50458925  0.49541075
 12700000   0.50440807  0.49559193
 12800000   0.50415832  0.49584168
 12900000   0.50420895  0.49579105
 13000000   0.50426888  0.49573112
 13100000   0.50451546  0.49548454
 13200000   0.50457633  0.49542367
 13300000   0.50419244  0.49580756
 13400000   0.50438504  0.49561496
 13500000   0.50427789  0.49572211
 13600000   0.50466217  0.49533783
 13700000   0.50460084  0.49539916
 13800000   0.50469895  0.49530105
 13900000   0.50460076  0.49539924
 14000000   0.50441454  0.49558546
 14100000   0.50423039  0.49576961
 14200000   0.50447349  0.49552651
 14300000   0.50458801  0.49541199
 14400000   0.50457781  0.49542219
 14500000   0.50444817  0.49555183
 14600000   0.50407764  0.49592236
 14700000   0.50434820  0.49565180
 14800000   0.50435510  0.49564490
 14900000   0.50463936  0.49536064
 15000000   0.50439817  0.49560183
 15100000   0.50450328  0.49549672
 15200000   0.50445714  0.49554286
 15300000   0.50470761  0.49529239
 15400000   0.50427627  0.49572373
 15500000   0.50400513  0.49599487
 15600000   0.50371087  0.49628913
 15700000   0.50351774  0.49648226
 15800000   0.50343440  0.49656560
 15900000   0.50298770  0.49701230
 16000000   0.50277997  0.49722003
 16100000   0.50251637  0.49748363
 16200000   0.50226478  0.49773522
 16300000   0.50222390  0.49777610
 16400000   0.50190534  0.49809466
 16500000   0.50191233  0.49808767
 16600000   0.50220497  0.49779503
 16700000   0.50254033  0.49745967
 16800000   0.50237140  0.49762860
 16900000   0.50221837  0.49778163
 17000000   0.50194497  0.49805503
 17100000   0.50213541  0.49786459
 17200000   0.50242480  0.49757520
 17300000   0.50230673  0.49769327
 17400000   0.50220842  0.49779158
 17500000   0.50230449  0.49769551
 17600000   0.50225787  0.49774213
 17700000   0.50205658  0.49794342
 17800000   0.50209902  0.49790098
 17900000   0.50247969  0.49752031
 18000000   0.50241086  0.49758914
 18100000   0.50239461  0.49760539
 18200000   0.50264003  0.49735997
 18300000   0.50282172  0.49717828
 18400000   0.50276883  0.49723117
 18500000   0.50298695  0.49701305
 18600000   0.50312202  0.49687798
 18700000   0.50314024  0.49685976
 18800000   0.50316790  0.49683210
 18900000   0.50315966  0.49684034
 19000000   0.50297555  0.49702445
 19100000   0.50342788  0.49657212
 19200000   0.50345768  0.49654232
 19300000   0.50348184  0.49651816
 19400000   0.50349142  0.49650858
 19500000   0.50323951  0.49676049
 19600000   0.50254293  0.49745707
 19700000   0.50260967  0.49739033
 19800000   0.50240811  0.49759189
 19900000   0.50239028  0.49760972
 20000000   0.50211922  0.49788078
 20100000   0.50218789  0.49781211
 20200000   0.50221522  0.49778478
 20300000   0.50247810  0.49752190
 20400000   0.50251316  0.49748684
 20500000   0.50271022  0.49728978
 20600000   0.50291866  0.49708134
 20700000   0.50240640  0.49759360
 20800000   0.50217849  0.49782151
 20900000   0.50230969  0.49769031
 21000000   0.50210831  0.49789169
 21100000   0.50204102  0.49795898
 21200000   0.50197545  0.49802455
 21300000   0.50189120  0.49810880
 21400000   0.50171857  0.49828143
 21500000   0.50155337  0.49844663
 21600000   0.50167225  0.49832775
 21700000   0.50180159  0.49819841
 21800000   0.50148612  0.49851388
 21900000   0.50161486  0.49838514
 22000000   0.50152352  0.49847648
 22100000   0.50157568  0.49842432
 22200000   0.50147872  0.49852128
 22300000   0.50173522  0.49826478
 22400000   0.50200413  0.49799587
 22500000   0.50190753  0.49809247
 22600000   0.50194148  0.49805852
 22700000   0.50179667  0.49820333
 22800000   0.50163068  0.49836932
 22900000   0.50162910  0.49837090
 23000000   0.50166224  0.49833776
 23100000   0.50132253  0.49867747
 23200000   0.50143998  0.49856002
 23300000   0.50144912  0.49855088
 23400000   0.50156878  0.49843122
 23500000   0.50148615  0.49851385
 23600000   0.50167803  0.49832197
 23700000   0.50158492  0.49841508
 23800000   0.50171565  0.49828435
 23900000   0.50171538  0.49828462
 24000000   0.50169735  0.49830265
 24100000   0.50179766  0.49820234
 24200000   0.50172853  0.49827147
 24300000   0.50175212  0.49824788
 24400000   0.50190268  0.49809732
 24500000   0.50187300  0.49812700
 24600000   0.50193701  0.49806299
 24700000   0.50197221  0.49802779
 24800000   0.50207208  0.49792792
 24900000   0.50211873  0.49788127
 25000000   0.50218106  0.49781894
 25100000   0.50199456  0.49800544
 25200000   0.50210796  0.49789204
 25300000   0.50200872  0.49799128
 25400000   0.50192439  0.49807561
 25500000   0.50192539  0.49807461
 25600000   0.50208506  0.49791494
 25700000   0.50204399  0.49795601
 25800000   0.50229060  0.49770940
 25900000   0.50246539  0.49753461
 26000000   0.50269156  0.49730844
 26100000   0.50272121  0.49727879
 26200000   0.50278429  0.49721571
 26300000   0.50287253  0.49712747
 26400000   0.50303684  0.49696316
 26500000   0.50301715  0.49698285
 26600000   0.50313945  0.49686055
 26700000   0.50283785  0.49716215
 26800000   0.50286110  0.49713890
 26900000   0.50306221  0.49693779
 27000000   0.50320254  0.49679746
 27100000   0.50333297  0.49666703
 27200000   0.50343770  0.49656230
 27300000   0.50334119  0.49665881
 27400000   0.50315520  0.49684480
 27500000   0.50315896  0.49684104
 27600000   0.50316737  0.49683263
 27700000   0.50301616  0.49698384
 27800000   0.50309297  0.49690703
 27900000   0.50313407  0.49686593
 28000000   0.50309037  0.49690963
 28100000   0.50298258  0.49701742
 28200000   0.50298122  0.49701878
 28300000   0.50280680  0.49719320
 28400000   0.50280685  0.49719315
 28500000   0.50294233  0.49705767
 28600000   0.50313617  0.49686383
 28700000   0.50309563  0.49690437
 28800000   0.50307773  0.49692227
 28900000   0.50316680  0.49683320
 29000000   0.50286716  0.49713284
 29100000   0.50302905  0.49697095
 29200000   0.50297433  0.49702567
 29300000   0.50289203  0.49710797
 29400000   0.50277845  0.49722155
 29500000   0.50246941  0.49753059
 29600000   0.50228917  0.49771083
 29700000   0.50231833  0.49768167
 29800000   0.50221763  0.49778237
 29900000   0.50230450  0.49769550
 30000000   0.50213385  0.49786615
 30100000   0.50201566  0.49798434
 30200000   0.50204969  0.49795031
 30300000   0.50210853  0.49789147
 30400000   0.50206294  0.49793706
 30500000   0.50223182  0.49776818
 30600000   0.50224364  0.49775636
 30700000   0.50236826  0.49763174
 30800000   0.50253537  0.49746463
 30900000   0.50260400  0.49739600
 31000000   0.50252079  0.49747921
 31100000   0.50272249  0.49727751
 31200000   0.50274595  0.49725405
 31300000   0.50300554  0.49699446
 31400000   0.50301877  0.49698123
 31500000   0.50308392  0.49691608
 31600000   0.50296122  0.49703878
 31700000   0.50277651  0.49722349
 31800000   0.50285954  0.49714046
 31900000   0.50292588  0.49707412
 32000000   0.50294070  0.49705930
 32100000   0.50313422  0.49686578
 32200000   0.50316564  0.49683436
 32300000   0.50315271  0.49684729
 32400000   0.50287912  0.49712088
 32500000   0.50303057  0.49696943
 32600000   0.50294756  0.49705244
 32700000   0.50305041  0.49694959
 32800000   0.50304233  0.49695767
 32900000   0.50315740  0.49684260
 33000000   0.50318923  0.49681077
 33100000   0.50320569  0.49679431
 33200000   0.50323595  0.49676405
 33300000   0.50326443  0.49673557
 33400000   0.50331759  0.49668241
 33500000   0.50327163  0.49672837
 33600000   0.50322376  0.49677624
 33700000   0.50321266  0.49678734
 33800000   0.50320747  0.49679253
 33900000   0.50343518  0.49656482
 34000000   0.50376872  0.49623128
 34100000   0.50387685  0.49612315
 34200000   0.50393303  0.49606697
 34300000   0.50400325  0.49599675
 34400000   0.50394071  0.49605929
 34500000   0.50377526  0.49622474
 34600000   0.50350678  0.49649322
 34700000   0.50346996  0.49653004
 34800000   0.50358714  0.49641286
 34900000   0.50354454  0.49645546
 35000000   0.50343841  0.49656159
 35100000   0.50345101  0.49654899
 35200000   0.50321143  0.49678857
 35300000   0.50302576  0.49697424
 35400000   0.50298366  0.49701634
 35500000   0.50277334  0.49722666
 35600000   0.50285285  0.49714715
 35700000   0.50297324  0.49702676
 35800000   0.50299996  0.49700004
 35900000   0.50293675  0.49706325
 36000000   0.50287846  0.49712154
 36100000   0.50296799  0.49703201
 36200000   0.50300029  0.49699971
 36300000   0.50310225  0.49689775
 36400000   0.50302801  0.49697199
 36500000   0.50308273  0.49691727
 36600000   0.50300892  0.49699108
 36700000   0.50302808  0.49697192
 36800000   0.50300817  0.49699183
 36900000   0.50306346  0.49693654
 37000000   0.50316753  0.49683247
 37100000   0.50333193  0.49666807
 37200000   0.50329337  0.49670663
 37300000   0.50330409  0.49669591
 37400000   0.50336838  0.49663162
 37500000   0.50338332  0.49661668
 37600000   0.50329743  0.49670257
 37700000   0.50300858  0.49699142
 37800000   0.50287663  0.49712337
 37900000   0.50279012  0.49720988
 38000000   0.50288446  0.49711554
 38100000   0.50293500  0.49706500
 38200000   0.50311559  0.49688441
 38300000   0.50298291  0.49701709
 38400000   0.50286027  0.49713973
 38500000   0.50279464  0.49720536
 38600000   0.50265654  0.49734346
 38700000   0.50250996  0.49749004
 38800000   0.50250896  0.49749104
 38900000   0.50256099  0.49743901
 39000000   0.50271771  0.49728229
 39100000   0.50265574  0.49734426
 39200000   0.50279790  0.49720210
 39300000   0.50263276  0.49736724
 39400000   0.50266714  0.49733286
 39500000   0.50278485  0.49721515
 39600000   0.50267542  0.49732458
 39700000   0.50276530  0.49723470
 39800000   0.50267343  0.49732657
 39900000   0.50290924  0.49709076
 40000000   0.50292069  0.49707931
 40100000   0.50285939  0.49714061
 40200000   0.50284437  0.49715563
 40300000   0.50279800  0.49720200
 40400000   0.50277043  0.49722957
 40500000   0.50270949  0.49729051
 40600000   0.50272720  0.49727280
 40700000   0.50254805  0.49745195
 40800000   0.50247143  0.49752857
 40900000   0.50248877  0.49751123
 41000000   0.50255770  0.49744230
 41100000   0.50252884  0.49747116
 41200000   0.50244193  0.49755807
 41300000   0.50247883  0.49752117
 41400000   0.50247948  0.49752052
 41500000   0.50242163  0.49757837
 41600000   0.50240136  0.49759864
 41700000   0.50249776  0.49750224
 41800000   0.50246528  0.49753472
 41900000   0.50247839  0.49752161
 42000000   0.50251108  0.49748892
 42100000   0.50257790  0.49742210
 42200000   0.50264511  0.49735489
 42300000   0.50265940  0.49734060
 42400000   0.50252515  0.49747485
 42500000   0.50254531  0.49745469
 42600000   0.50243137  0.49756863
 42700000   0.50242954  0.49757046
 42800000   0.50247574  0.49752426
 42900000   0.50251983  0.49748017
 43000000   0.50228331  0.49771669
 43100000   0.50218941  0.49781059
 43200000   0.50236855  0.49763145
 43300000   0.50228779  0.49771221
 43400000   0.50233446  0.49766554
 43500000   0.50233164  0.49766836
 43600000   0.50239545  0.49760455
 43700000   0.50250656  0.49749344
 43800000   0.50244542  0.49755458
 43900000   0.50229853  0.49770147
 44000000   0.50227122  0.49772878
 44100000   0.50229060  0.49770940
 44200000   0.50245288  0.49754712
 44300000   0.50259087  0.49740913
 44400000   0.50283332  0.49716668
 44500000   0.50280702  0.49719298
 44600000   0.50289793  0.49710207
 44700000   0.50271804  0.49728196
 44800000   0.50273477  0.49726523
 44900000   0.50267382  0.49732618
 45000000   0.50274819  0.49725181
 45100000   0.50265161  0.49734839
 45200000   0.50262309  0.49737691
 45300000   0.50261105  0.49738895
 45400000   0.50268426  0.49731574
 45500000   0.50266258  0.49733742
 45600000   0.50256010  0.49743990
 45700000   0.50266384  0.49733616
 45800000   0.50264678  0.49735322
 45900000   0.50261918  0.49738082
 46000000   0.50252497  0.49747503
 46100000   0.50255747  0.49744253
 46200000   0.50266609  0.49733391
 46300000   0.50270018  0.49729982
 46400000   0.50273452  0.49726548
 46500000   0.50283444  0.49716556
 46600000   0.50283432  0.49716568
 46700000   0.50284534  0.49715466
 46800000   0.50279589  0.49720411
 46900000   0.50287180  0.49712820
 47000000   0.50281276  0.49718724
 47100000   0.50293016  0.49706984
 47200000   0.50307204  0.49692796
 47300000   0.50308697  0.49691303
 47400000   0.50308332  0.49691668
 47500000   0.50309751  0.49690249
 47600000   0.50302331  0.49697669
 47700000   0.50308001  0.49691999
 47800000   0.50312076  0.49687924
 47900000   0.50327711  0.49672289
 48000000   0.50330199  0.49669801
 48100000   0.50331799  0.49668201
 48200000   0.50328740  0.49671260
 48300000   0.50330622  0.49669378
 48400000   0.50320468  0.49679532
 48500000   0.50319226  0.49680774
 48600000   0.50327501  0.49672499
 48700000   0.50334551  0.49665449
 48800000   0.50333786  0.49666214
 48900000   0.50336919  0.49663081
 49000000   0.50328609  0.49671391
 49100000   0.50312748  0.49687252
 49200000   0.50314859  0.49685141
 49300000   0.50318417  0.49681583
 49400000   0.50328479  0.49671521
 49500000   0.50339712  0.49660288
 49600000   0.50332777  0.49667223
 49700000   0.50325854  0.49674146
 49800000   0.50328240  0.49671760
 49900000   0.50328035  0.49671965
 50000000   0.50330765  0.49669235
 50100000   0.50321115  0.49678885
 50200000   0.50323071  0.49676929
 50300000   0.50326444  0.49673556
 50400000   0.50330305  0.49669695
 50500000   0.50323835  0.49676165
 50600000   0.50314645  0.49685355
 50700000   0.50325786  0.49674214
 50800000   0.50337845  0.49662155
 50900000   0.50324989  0.49675011
 51000000   0.50327825  0.49672175
 51100000   0.50330424  0.49669576
 51200000   0.50331290  0.49668710
 51300000   0.50341576  0.49658424
 51400000   0.50340927  0.49659073
 51500000   0.50358448  0.49641552
 51600000   0.50360573  0.49639427
 51700000   0.50354916  0.49645084
 51800000   0.50351646  0.49648354
 51900000   0.50355594  0.49644406
 52000000   0.50371093  0.49628907
 52100000   0.50375696  0.49624304
 52200000   0.50380495  0.49619505
 52300000   0.50384206  0.49615794
 52400000   0.50396656  0.49603344
 52500000   0.50392279  0.49607721
 52600000   0.50403868  0.49596132
 52700000   0.50401747  0.49598253
 52800000   0.50398090  0.49601910
 52900000   0.50386632  0.49613368
 53000000   0.50382518  0.49617482
 53100000   0.50378875  0.49621125
 53200000   0.50365832  0.49634168
 53300000   0.50363290  0.49636710
 53400000   0.50368087  0.49631913
 53500000   0.50359401  0.49640599
 53600000   0.50362372  0.49637628
 53700000   0.50364182  0.49635818
 53800000   0.50366239  0.49633761
 53900000   0.50357801  0.49642199
 54000000   0.50361471  0.49638529
 54100000   0.50350990  0.49649010
 54200000   0.50350922  0.49649078
 54300000   0.50344688  0.49655312
 54400000   0.50338449  0.49661551
 54500000   0.50330361  0.49669639
 54600000   0.50333499  0.49666501
 54700000   0.50323304  0.49676696
 54800000   0.50314368  0.49685632
 54900000   0.50316294  0.49683706
 55000000   0.50323614  0.49676386
 55100000   0.50320386  0.49679614
 55200000   0.50307229  0.49692771
 55300000   0.50326142  0.49673858
 55400000   0.50322589  0.49677411
 55500000   0.50337540  0.49662460
 55600000   0.50348373  0.49651627
 55700000   0.50355496  0.49644504
 55800000   0.50346501  0.49653499
 55900000   0.50340777  0.49659223
 56000000   0.50355547  0.49644453
 56100000   0.50363619  0.49636381
 56200000   0.50371504  0.49628496
 56300000   0.50370145  0.49629855
 56400000   0.50357549  0.49642451
 56500000   0.50371162  0.49628838
 56600000   0.50379172  0.49620828
 56700000   0.50382084  0.49617916
 56800000   0.50379175  0.49620825
 56900000   0.50380741  0.49619259
 57000000   0.50379343  0.49620657
 57100000   0.50377244  0.49622756
 57200000   0.50375284  0.49624716
 57300000   0.50376240  0.49623760
 57400000   0.50372659  0.49627341
 57500000   0.50367622  0.49632378
 57600000   0.50361115  0.49638885
 57700000   0.50364393  0.49635607
 57800000   0.50362897  0.49637103
 57900000   0.50361217  0.49638783
 58000000   0.50363694  0.49636306
 58100000   0.50366564  0.49633436
 58200000   0.50358723  0.49641277
 58300000   0.50365877  0.49634123
 58400000   0.50371335  0.49628665
 58500000   0.50369948  0.49630052
 58600000   0.50367224  0.49632776
 58700000   0.50361911  0.49638089
 58800000   0.50362618  0.49637382
 58900000   0.50373867  0.49626133
 59000000   0.50375740  0.49624260
 59100000   0.50365529  0.49634471
 59200000   0.50357805  0.49642195
 59300000   0.50358301  0.49641699
 59400000   0.50359913  0.49640087
 59500000   0.50354411  0.49645589
 59600000   0.50354586  0.49645414
 59700000   0.50342229  0.49657771
 59800000   0.50340492  0.49659508
 59900000   0.50338250  0.49661750
 60000000   0.50344562  0.49655438
 60100000   0.50341062  0.49658938
 60200000   0.50353189  0.49646811
 60300000   0.50339517  0.49660483
 60400000   0.50332022  0.49667978
 60500000   0.50338341  0.49661659
 60600000   0.50334098  0.49665902
 60700000   0.50324734  0.49675266
 60800000   0.50321685  0.49678315
 60900000   0.50321648  0.49678352
 61000000   0.50326204  0.49673796
 61100000   0.50317777  0.49682223
 61200000   0.50320605  0.49679395
 61300000   0.50323603  0.49676397
 61400000   0.50317677  0.49682323
 61500000   0.50315090  0.49684910
 61600000   0.50317002  0.49682998
 61700000   0.50314408  0.49685592
 61800000   0.50299511  0.49700489
 61900000   0.50289414  0.49710586
 62000000   0.50285386  0.49714614
 62100000   0.50284455  0.49715545
 62200000   0.50283445  0.49716555
 62300000   0.50278734  0.49721266
 62400000   0.50287507  0.49712493
 62500000   0.50284897  0.49715103
 62600000   0.50295177  0.49704823
 62700000   0.50298238  0.49701762
 62800000   0.50294443  0.49705557
 62900000   0.50296748  0.49703252
 63000000   0.50288447  0.49711553
 63100000   0.50282009  0.49717991
 63200000   0.50271452  0.49728548
 63300000   0.50265784  0.49734216
 63400000   0.50274400  0.49725600
 63500000   0.50278002  0.49721998
 63600000   0.50278961  0.49721039
 63700000   0.50275210  0.49724790
 63800000   0.50267717  0.49732283
 63900000   0.50274037  0.49725963
 64000000   0.50269618  0.49730382
 64100000   0.50267477  0.49732523
 64200000   0.50266314  0.49733686
 64300000   0.50264363  0.49735637
 64400000   0.50261914  0.49738086
 64500000   0.50257678  0.49742322
 64600000   0.50257623  0.49742377
 64700000   0.50261386  0.49738614
 64800000   0.50258799  0.49741201
 64900000   0.50267651  0.49732349
 65000000   0.50282844  0.49717156
 65100000   0.50272644  0.49727356
 65200000   0.50266654  0.49733346
 65300000   0.50267679  0.49732321
 65400000   0.50272343  0.49727657
 65500000   0.50270292  0.49729708
 65600000   0.50273341  0.49726659
 65700000   0.50271123  0.49728877
 65800000   0.50265597  0.49734403
 65900000   0.50245514  0.49754486
 66000000   0.50257372  0.49742628
 66100000   0.50253774  0.49746226
 66200000   0.50257946  0.49742054
 66300000   0.50248598  0.49751402
 66400000   0.50255663  0.49744337
 66500000   0.50258554  0.49741446
 66600000   0.50260675  0.49739325
 66700000   0.50266624  0.49733376
 66800000   0.50266495  0.49733505
 66900000   0.50264035  0.49735965
 67000000   0.50255771  0.49744229
 67100000   0.50259722  0.49740278
 67200000   0.50243083  0.49756917
 67300000   0.50242152  0.49757848
 67400000   0.50235364  0.49764636
 67500000   0.50233241  0.49766759
 67600000   0.50232322  0.49767678
 67700000   0.50224067  0.49775933
 67800000   0.50222651  0.49777349
 67900000   0.50209270  0.49790730
 68000000   0.50208983  0.49791017
 68100000   0.50218062  0.49781938
 68200000   0.50219162  0.49780838
 68300000   0.50223963  0.49776037
 68400000   0.50217866  0.49782134
 68500000   0.50220861  0.49779139
 68600000   0.50212281  0.49787719
 68700000   0.50197526  0.49802474
 68800000   0.50195658  0.49804342
 68900000   0.50194896  0.49805104
 69000000   0.50198057  0.49801943
 69100000   0.50201426  0.49798574
 69200000   0.50203637  0.49796363
 69300000   0.50211976  0.49788024
 69400000   0.50211805  0.49788195
 69500000   0.50219080  0.49780920
 69600000   0.50218150  0.49781850
 69700000   0.50212780  0.49787220
 69800000   0.50210651  0.49789349
 69900000   0.50209248  0.49790752
 70000000   0.50209928  0.49790072
 70100000   0.50207479  0.49792521
 70200000   0.50199431  0.49800569
 70300000   0.50200978  0.49799022
 70400000   0.50206025  0.49793975
 70500000   0.50200065  0.49799935
 70600000   0.50193162  0.49806838
 70700000   0.50191016  0.49808984
 70800000   0.50184677  0.49815323
 70900000   0.50183387  0.49816613
 71000000   0.50185533  0.49814467
 71100000   0.50186386  0.49813614
 71200000   0.50188140  0.49811860
 71300000   0.50176670  0.49823330
 71400000   0.50173516  0.49826484
 71500000   0.50174259  0.49825741
 71600000   0.50176686  0.49823314
 71700000   0.50180487  0.49819513
 71800000   0.50173921  0.49826079
 71900000   0.50171582  0.49828418
 72000000   0.50167235  0.49832765
 72100000   0.50164066  0.49835934
 72200000   0.50170931  0.49829069
 72300000   0.50172225  0.49827775
 72400000   0.50173676  0.49826324
 72500000   0.50180737  0.49819263
 72600000   0.50186851  0.49813149
 72700000   0.50195990  0.49804010
 72800000   0.50187793  0.49812207
 72900000   0.50186323  0.49813677
 73000000   0.50197399  0.49802601
 73100000   0.50210692  0.49789308
 73200000   0.50212385  0.49787615
 73300000   0.50203885  0.49796115
 73400000   0.50205153  0.49794847
 73500000   0.50201610  0.49798390
 73600000   0.50197559  0.49802441
 73700000   0.50194455  0.49805545
 73800000   0.50195513  0.49804487
 73900000   0.50193959  0.49806041
 74000000   0.50196039  0.49803961
 74100000   0.50196990  0.49803010
 74200000   0.50205057  0.49794943
 74300000   0.50205534  0.49794466
 74400000   0.50202546  0.49797454
 74500000   0.50195985  0.49804015
 74600000   0.50189875  0.49810125
 74700000   0.50190962  0.49809038
 74800000   0.50190192  0.49809808
 74900000   0.50176819  0.49823181
 75000000   0.50174625  0.49825375
 75100000   0.50173770  0.49826230
 75200000   0.50181118  0.49818882
 75300000   0.50183218  0.49816782
 75400000   0.50173749  0.49826251
 75500000   0.50171874  0.49828126
 75600000   0.50174226  0.49825774
 75700000   0.50175098  0.49824902
 75800000   0.50168679  0.49831321
 75900000   0.50177800  0.49822200
 76000000   0.50179834  0.49820166
 76100000   0.50175578  0.49824422
 76200000   0.50172696  0.49827304
 76300000   0.50170377  0.49829623
 76400000   0.50168901  0.49831099
 76500000   0.50168053  0.49831947
 76600000   0.50162561  0.49837439
 76700000   0.50164836  0.49835164
 76800000   0.50152342  0.49847658
 76900000   0.50150737  0.49849263
 77000000   0.50162458  0.49837542
 77100000   0.50168152  0.49831848
 77200000   0.50159367  0.49840633
 77300000   0.50167064  0.49832936
 77400000   0.50166701  0.49833299
 77500000   0.50164277  0.49835723
 77600000   0.50157279  0.49842721
 77700000   0.50156046  0.49843954
 77800000   0.50155415  0.49844585
 77900000   0.50157006  0.49842994
 78000000   0.50150246  0.49849754
 78100000   0.50160544  0.49839456
 78200000   0.50157966  0.49842034
 78300000   0.50148446  0.49851554
 78400000   0.50149409  0.49850591
 78500000   0.50144518  0.49855482
 78600000   0.50150213  0.49849787
 78700000   0.50150068  0.49849932
 78800000   0.50152743  0.49847257
 78900000   0.50148982  0.49851018
 79000000   0.50144804  0.49855196
 79100000   0.50139549  0.49860451
 79200000   0.50139746  0.49860254
 79300000   0.50131460  0.49868540
 79400000   0.50132115  0.49867885
 79500000   0.50136789  0.49863211
 79600000   0.50143038  0.49856962
 79700000   0.50137447  0.49862553
 79800000   0.50129575  0.49870425
 79900000   0.50123601  0.49876399
 80000000   0.50126666  0.49873334
 80100000   0.50139883  0.49860117
 80200000   0.50139477  0.49860523
 80300000   0.50142468  0.49857532
 80400000   0.50131359  0.49868641
 80500000   0.50131717  0.49868283
 80600000   0.50136609  0.49863391
 80700000   0.50138483  0.49861517
 80800000   0.50135074  0.49864926
 80900000   0.50133164  0.49866836
 81000000   0.50134076  0.49865924
 81100000   0.50130338  0.49869662
 81200000   0.50131168  0.49868832
 81300000   0.50128796  0.49871204
 81400000   0.50132064  0.49867936
 81500000   0.50128327  0.49871673
 81600000   0.50122110  0.49877890
 81700000   0.50119101  0.49880899
 81800000   0.50117070  0.49882930
 81900000   0.50123158  0.49876842
 82000000   0.50118703  0.49881297
 82100000   0.50123253  0.49876747
 82200000   0.50122681  0.49877319
 82300000   0.50120236  0.49879764
 82400000   0.50121690  0.49878310
 82500000   0.50124053  0.49875947
 82600000   0.50130584  0.49869416
 82700000   0.50126488  0.49873512
 82800000   0.50125696  0.49874304
 82900000   0.50126451  0.49873549
 83000000   0.50132717  0.49867283
 83100000   0.50138369  0.49861631
 83200000   0.50139902  0.49860098
 83300000   0.50140614  0.49859386
 83400000   0.50138929  0.49861071
 83500000   0.50133815  0.49866185
 83600000   0.50127114  0.49872886
 83700000   0.50120228  0.49879772
 83800000   0.50117057  0.49882943
 83900000   0.50116806  0.49883194
 84000000   0.50119208  0.49880792
 84100000   0.50127674  0.49872326
 84200000   0.50123783  0.49876217
 84300000   0.50119667  0.49880333
 84400000   0.50119860  0.49880140
 84500000   0.50116648  0.49883352
 84600000   0.50118447  0.49881553
 84700000   0.50122597  0.49877403
 84800000   0.50118115  0.49881885
 84900000   0.50109408  0.49890592
 85000000   0.50106674  0.49893326
 85100000   0.50106277  0.49893723
 85200000   0.50113303  0.49886697
 85300000   0.50112372  0.49887628
 85400000   0.50106549  0.49893451
 85500000   0.50105001  0.49894999
 85600000   0.50111055  0.49888945
 85700000   0.50110454  0.49889546
 85800000   0.50104050  0.49895950
 85900000   0.50102272  0.49897728
 86000000   0.50104181  0.49895819
 86100000   0.50105976  0.49894024
 86200000   0.50107267  0.49892733
 86300000   0.50100860  0.49899140
 86400000   0.50108119  0.49891881
 86500000   0.50100309  0.49899691
 86600000   0.50099703  0.49900297
 86700000   0.50093623  0.49906377
 86800000   0.50092650  0.49907350
 86900000   0.50083121  0.49916879
 87000000   0.50081957  0.49918043
 87100000   0.50084735  0.49915265
 87200000   0.50086415  0.49913585
 87300000   0.50090900  0.49909100
 87400000   0.50087684  0.49912316
 87500000   0.50085997  0.49914003
 87600000   0.50086948  0.49913052
 87700000   0.50093970  0.49906030
 87800000   0.50085696  0.49914304
 87900000   0.50091821  0.49908179
 88000000   0.50090838  0.49909162
 88100000   0.50087715  0.49912285
 88200000   0.50084174  0.49915826
 88300000   0.50086930  0.49913070
 88400000   0.50082354  0.49917646
 88500000   0.50086045  0.49913955
 88600000   0.50087548  0.49912452
 88700000   0.50088989  0.49911011
 88800000   0.50086497  0.49913503
 88900000   0.50089880  0.49910120
 89000000   0.50088785  0.49911215
 89100000   0.50090215  0.49909785
 89200000   0.50088558  0.49911442
 89300000   0.50095015  0.49904985
 89400000   0.50099785  0.49900215
 89500000   0.50098923  0.49901077
 89600000   0.50102374  0.49897626
 89700000   0.50096833  0.49903167
 89800000   0.50099468  0.49900532
 89900000   0.50105718  0.49894282
 90000000   0.50106138  0.49893862
 90100000   0.50108839  0.49891161
 90200000   0.50109502  0.49890498
 90300000   0.50108994  0.49891006
 90400000   0.50105668  0.49894332
 90500000   0.50114016  0.49885984
 90600000   0.50112304  0.49887696
 90700000   0.50108700  0.49891300
 90800000   0.50111123  0.49888877
 90900000   0.50114927  0.49885073
 91000000   0.50110453  0.49889547
 91100000   0.50109287  0.49890713
 91200000   0.50109258  0.49890742
 91300000   0.50106052  0.49893948
 91400000   0.50108119  0.49891881
 91500000   0.50113764  0.49886236
 91600000   0.50118134  0.49881866
 91700000   0.50115822  0.49884178
 91800000   0.50112975  0.49887025
 91900000   0.50116812  0.49883188
 92000000   0.50109842  0.49890158
 92100000   0.50102389  0.49897611
 92200000   0.50109733  0.49890267
 92300000   0.50108489  0.49891511
 92400000   0.50106962  0.49893038
 92500000   0.50104788  0.49895212
 92600000   0.50103481  0.49896519
 92700000   0.50108504  0.49891496
 92800000   0.50111253  0.49888747
 92900000   0.50110945  0.49889055
 93000000   0.50104793  0.49895207
 93100000   0.50108395  0.49891605
 93200000   0.50111301  0.49888699
 93300000   0.50114758  0.49885242
 93400000   0.50116417  0.49883583
 93500000   0.50117962  0.49882038
 93600000   0.50114227  0.49885773
 93700000   0.50110919  0.49889081
 93800000   0.50110951  0.49889049
 93900000   0.50115006  0.49884994
 94000000   0.50124185  0.49875815
 94100000   0.50126419  0.49873581
 94200000   0.50127730  0.49872270
 94300000   0.50123078  0.49876922
 94400000   0.50122478  0.49877522
 94500000   0.50120743  0.49879257
 94600000   0.50124131  0.49875869
 94700000   0.50130316  0.49869684
 94800000   0.50125505  0.49874495
 94900000   0.50113764  0.49886236
 95000000   0.50116383  0.49883617
 95100000   0.50122458  0.49877542
 95200000   0.50123955  0.49876045
 95300000   0.50127666  0.49872334
 95400000   0.50130842  0.49869158
 95500000   0.50126256  0.49873744
 95600000   0.50120196  0.49879804
 95700000   0.50125126  0.49874874
 95800000   0.50128030  0.49871970
 95900000   0.50127126  0.49872874
 96000000   0.50128026  0.49871974
 96100000   0.50129399  0.49870601
 96200000   0.50132727  0.49867273
 96300000   0.50135338  0.49864662
 96400000   0.50137247  0.49862753
 96500000   0.50136284  0.49863716
 96600000   0.50134940  0.49865060
 96700000   0.50139763  0.49860237
 96800000   0.50144379  0.49855621
 96900000   0.50142801  0.49857199
 97000000   0.50135838  0.49864162
 97100000   0.50134077  0.49865923
 97200000   0.50134031  0.49865969
 97300000   0.50129500  0.49870500
 97400000   0.50132542  0.49867458
 97500000   0.50129095  0.49870905
 97600000   0.50130147  0.49869853
 97700000   0.50132251  0.49867749
 97800000   0.50128993  0.49871007
 97900000   0.50124953  0.49875047
 98000000   0.50119536  0.49880464
 98100000   0.50119504  0.49880496
 98200000   0.50110953  0.49889047
 98300000   0.50111364  0.49888636
 98400000   0.50111470  0.49888530
 98500000   0.50113588  0.49886412
 98600000   0.50116415  0.49883585
 98700000   0.50115221  0.49884779
 98800000   0.50114499  0.49885501
 98900000   0.50116667  0.49883333
 99000000   0.50114268  0.49885732
 99100000   0.50109974  0.49890026
 99200000   0.50108680  0.49891320
 99300000   0.50104759  0.49895241
 99400000   0.50102346  0.49897654
 99500000   0.50107757  0.49892243
 99600000   0.50111870  0.49888130
 99700000   0.50108448  0.49891552
 99800000   0.50107322  0.49892678
 99900000   0.50104448  0.49895552
100000000   0.50103618  0.49896382